Run, PTEV, PTES, NumSlots, NumAttributes, Time, ChunkV, ChunkSimilarity, BLC, LE
  0.0,  20.0,   0.0,   6.0,   6.0, 99600., .5129,   0.0, .6667,   9.0,   0.7
  0.0,  20.0,   0.0,   6.0,   6.0, 99000., .5961,   0.0, .1667,   9.0,   0.7
  0.0,  20.0,   0.0,   6.0,   6.0, 98400., 2.996,   1.0,   0.0,   9.0,   0.7
  0.0,  20.0,   0.0,   6.0,   6.0, 97800., 2.996,   1.0,   0.0,   9.0,   0.7
  0.0,  20.0,   0.0,   6.0,   6.0, 97200., 2.996,   1.0,   0.0,   9.0,   0.7
  0.0,  20.0,   0.0,   6.0,   6.0, 96600., 2.996,   1.0,   0.0,   9.0,   0.7
  0.0,  20.0,   0.0,   6.0,   6.0, 96000., 2.996,   1.0,   0.0,   9.0,   0.7
  0.0,  20.0,   0.0,   6.0,   6.0, 95400., 2.996,   1.0,   0.0,   9.0,   0.7
  0.0,  20.0,   0.0,   6.0,   6.0, 94800., 2.996,   1.0,   0.0,   9.0,   0.7
  0.0,  20.0,   0.0,   6.0,   6.0, 94200., 2.996,   1.0,   0.0,   9.0,   0.7
  0.0,  20.0,   0.0,   6.0,   6.0, 93600., 2.996,   1.0,   0.0,   9.0,   0.7
  0.0,  20.0,   0.0,   6.0,   6.0, 93000., 2.996,   1.0,   0.0,   9.0,   0.7
  0.0,  20.0,   0.0,   6.0,   6.0, 92400., 2.996,   1.0,   0.0,   9.0,   0.7
  0.0,  20.0,   0.0,   6.0,   6.0, 91800., 2.996,   1.0,   0.0,   9.0,   0.7
  0.0,  20.0,   0.0,   6.0,   6.0, 91200., 2.996,   1.0,   0.0,   9.0,   0.7
  0.0,  20.0,   0.0,   6.0,   6.0, 90600., 2.996,   1.0,   0.0,   9.0,   0.7
  0.0,  20.0,   0.0,   6.0,   6.0, 90000., 2.996,   1.0,   0.0,   9.0,   0.7
  0.0,  20.0,   0.0,   6.0,   6.0, 89400., 2.996,   1.0,   0.0,   9.0,   0.7
  0.0,  20.0,   0.0,   6.0,   6.0, 88800., 2.996,   1.0,   0.0,   9.0,   0.7
  0.0,  20.0,   0.0,   6.0,   6.0, 88200., .2135,   0.0,   0.5,   9.0,   0.7
  0.0,  20.0,   0.0,   6.0,   6.0, 87600., 2.996,   1.0,   0.0,   9.0,   0.7
  0.0,  20.0,   0.0,   6.0,   6.0, 87000., 2.996,   1.0,   0.0,   9.0,   0.7
  0.0,  20.0,   0.0,   6.0,   6.0, 86400., 2.996,   1.0,   0.0,   9.0,   0.7
  0.0,  20.0,   0.0,   6.0,   6.0, 85800., 2.996,   1.0,   0.0,   9.0,   0.7
  0.0,  20.0,   0.0,   6.0,   6.0, 85200., 2.996,   1.0,   0.0,   9.0,   0.7
  0.0,  20.0,   0.0,   6.0,   6.0, 84600., 2.996,   1.0,   0.0,   9.0,   0.7
  0.0,  20.0,   0.0,   6.0,   6.0, 84000., 2.996,   1.0,   0.0,   9.0,   0.7
  0.0,  20.0,   0.0,   6.0,   6.0, 83400., 2.996,   1.0,   0.0,   9.0,   0.7
  0.0,  20.0,   0.0,   6.0,   6.0, 82800., 2.996,   1.0,   0.0,   9.0,   0.7
  0.0,  20.0,   0.0,   6.0,   6.0, 82200., 2.996,   1.0,   0.0,   9.0,   0.7
  0.0,  20.0,   0.0,   6.0,   6.0, 81600., 2.996,   1.0,   0.0,   9.0,   0.7
  0.0,  20.0,   0.0,   6.0,   6.0, 81000., .5961,   0.0,   0.5,   9.0,   0.7
  0.0,  20.0,   0.0,   6.0,   6.0, 80400., 2.996,   1.0,   0.0,   9.0,   0.7
  0.0,  20.0,   0.0,   6.0,   6.0, 79800., .5961,   0.0, .3333,   9.0,   0.7
  0.0,  20.0,   0.0,   6.0,   6.0, 79200., .5285,   0.0,   0.5,   9.0,   0.7
  0.0,  20.0,   0.0,   6.0,   6.0, 78600., 2.996,   1.0,   0.0,   9.0,   0.7
  0.0,  20.0,   0.0,   6.0,   6.0, 78000., 2.996,   1.0,   0.0,   9.0,   0.7
  0.0,  20.0,   0.0,   6.0,   6.0, 77400., 2.996,   1.0,   0.0,   9.0,   0.7
  0.0,  20.0,   0.0,   6.0,   6.0, 76800., 2.996,   1.0,   0.0,   9.0,   0.7
  0.0,  20.0,   0.0,   6.0,   6.0, 76200., 2.996,   1.0,   0.0,   9.0,   0.7
  0.0,  20.0,   0.0,   6.0,   6.0, 75600., 2.996,   1.0,   0.0,   9.0,   0.7
  0.0,  20.0,   0.0,   6.0,   6.0, 75000., 2.996,   1.0,   0.0,   9.0,   0.7
  0.0,  20.0,   0.0,   6.0,   6.0, 74400., 2.996,   1.0,   0.0,   9.0,   0.7
  0.0,  20.0,   0.0,   6.0,   6.0, 73800., 2.996,   1.0,   0.0,   9.0,   0.7
  0.0,  20.0,   0.0,   6.0,   6.0, 73200., 2.996,   1.0,   0.0,   9.0,   0.7
  0.0,  20.0,   0.0,   6.0,   6.0, 72600., 2.996,   1.0,   0.0,   9.0,   0.7
  0.0,  20.0,   0.0,   6.0,   6.0, 72000., 2.996,   1.0,   0.0,   9.0,   0.7
  0.0,  20.0,   0.0,   6.0,   6.0, 71400., 2.996,   1.0,   0.0,   9.0,   0.7
  0.0,  20.0,   0.0,   6.0,   6.0, 70800., 2.996,   1.0,   0.0,   9.0,   0.7
  0.0,  20.0,   0.0,   6.0,   6.0, 70200., 2.996,   1.0,   0.0,   9.0,   0.7
  0.0,  20.0,   0.0,   6.0,   6.0, 69600., 2.996,   1.0,   0.0,   9.0,   0.7
  0.0,  20.0,   0.0,   6.0,   6.0, 69000., 2.996,   1.0,   0.0,   9.0,   0.7
  0.0,  20.0,   0.0,   6.0,   6.0, 68400., 2.996,   1.0,   0.0,   9.0,   0.7
  0.0,  20.0,   0.0,   6.0,   6.0, 67800., 2.996,   1.0,   0.0,   9.0,   0.7
  0.0,  20.0,   0.0,   6.0,   6.0, 67200., 2.996,   1.0,   0.0,   9.0,   0.7
  0.0,  20.0,   0.0,   6.0,   6.0, 66600., 2.996,   1.0,   0.0,   9.0,   0.7
  0.0,  20.0,   0.0,   6.0,   6.0, 66000., 2.996,   1.0,   0.0,   9.0,   0.7
  0.0,  20.0,   0.0,   6.0,   6.0, 65400., 2.996,   1.0,   0.0,   9.0,   0.7
  0.0,  20.0,   0.0,   6.0,   6.0, 64800., 2.996,   1.0,   0.0,   9.0,   0.7
  0.0,  20.0,   0.0,   6.0,   6.0, 64200., 2.996,   1.0,   0.0,   9.0,   0.7
  0.0,  20.0,   0.0,   6.0,   6.0, 63600., 2.996,   1.0,   0.0,   9.0,   0.7
  0.0,  20.0,   0.0,   6.0,   6.0, 63000., 2.996,   1.0,   0.0,   9.0,   0.7
  0.0,  20.0,   0.0,   6.0,   6.0, 62400., 2.996,   1.0,   0.0,   9.0,   0.7
  0.0,  20.0,   0.0,   6.0,   6.0, 61800., 2.996,   1.0,   0.0,   9.0,   0.7
  0.0,  20.0,   0.0,   6.0,   6.0, 61200., .5961,   0.0,   0.5,   9.0,   0.7
  0.0,  20.0,   0.0,   6.0,   6.0, 60600., 2.996,   1.0,   0.0,   9.0,   0.7
  0.0,  20.0,   0.0,   6.0,   6.0, 60000., 2.996,   1.0,   0.0,   9.0,   0.7
  0.0,  20.0,   0.0,   6.0,   6.0, 59400., .5285,   0.0, .3333,   9.0,   0.7
  0.0,  20.0,   0.0,   6.0,   6.0, 58800., 2.996,   1.0,   0.0,   9.0,   0.7
  0.0,  20.0,   0.0,   6.0,   6.0, 58200., 2.996,   1.0,   0.0,   9.0,   0.7
  0.0,  20.0,   0.0,   6.0,   6.0, 57600., 2.996,   1.0,   0.0,   9.0,   0.7
  0.0,  20.0,   0.0,   6.0,   6.0, 57000., 2.996,   1.0,   0.0,   9.0,   0.7
  0.0,  20.0,   0.0,   6.0,   6.0, 56400., 2.996,   1.0,   0.0,   9.0,   0.7
  0.0,  20.0,   0.0,   6.0,   6.0, 55800., 2.996,   1.0,   0.0,   9.0,   0.7
  0.0,  20.0,   0.0,   6.0,   6.0, 55200., .5916,   0.0, .3333,   9.0,   0.7
  0.0,  20.0,   0.0,   6.0,   6.0, 54600., 2.996,   1.0,   0.0,   9.0,   0.7
  0.0,  20.0,   0.0,   6.0,   6.0, 54000., 2.996,   1.0,   0.0,   9.0,   0.7
  0.0,  20.0,   0.0,   6.0,   6.0, 53400., 2.996,   1.0,   0.0,   9.0,   0.7
  0.0,  20.0,   0.0,   6.0,   6.0, 52800., 2.996,   1.0,   0.0,   9.0,   0.7
  0.0,  20.0,   0.0,   6.0,   6.0, 52200., 2.996,   1.0,   0.0,   9.0,   0.7
  0.0,  20.0,   0.0,   6.0,   6.0, 51600., 2.996,   1.0,   0.0,   9.0,   0.7
  0.0,  20.0,   0.0,   6.0,   6.0, 51000., 2.996,   1.0,   0.0,   9.0,   0.7
  0.0,  20.0,   0.0,   6.0,   6.0, 50400., 2.996,   1.0,   0.0,   9.0,   0.7
  0.0,  20.0,   0.0,   6.0,   6.0, 49800., 2.996,   1.0,   0.0,   9.0,   0.7
  0.0,  20.0,   0.0,   6.0,   6.0, 49200., 2.996,   1.0,   0.0,   9.0,   0.7
  0.0,  20.0,   0.0,   6.0,   6.0, 48600., 2.996,   1.0,   0.0,   9.0,   0.7
  0.0,  20.0,   0.0,   6.0,   6.0, 48000., 2.996,   1.0,   0.0,   9.0,   0.7
  0.0,  20.0,   0.0,   6.0,   6.0, 47400., 2.996,   1.0,   0.0,   9.0,   0.7
  0.0,  20.0,   0.0,   6.0,   6.0, 46800., 2.996,   1.0,   0.0,   9.0,   0.7
  0.0,  20.0,   0.0,   6.0,   6.0, 46200., 2.996,   1.0,   0.0,   9.0,   0.7
  0.0,  20.0,   0.0,   6.0,   6.0, 45600., .5194,   0.0,   0.5,   9.0,   0.7
  0.0,  20.0,   0.0,   6.0,   6.0, 45000., 2.996,   1.0,   0.0,   9.0,   0.7
  0.0,  20.0,   0.0,   6.0,   6.0, 44400., 2.996,   1.0,   0.0,   9.0,   0.7
  0.0,  20.0,   0.0,   6.0,   6.0, 43800., .5961,   0.0, .6667,   9.0,   0.7
  0.0,  20.0,   0.0,   6.0,   6.0, 43200., 2.996,   1.0,   0.0,   9.0,   0.7
  0.0,  20.0,   0.0,   6.0,   6.0, 42600., 2.996,   1.0,   0.0,   9.0,   0.7
  0.0,  20.0,   0.0,   6.0,   6.0, 42000., .6087,   0.0,   0.5,   9.0,   0.7
  0.0,  20.0,   0.0,   6.0,   6.0, 41400., 2.996,   1.0,   0.0,   9.0,   0.7
  0.0,  20.0,   0.0,   6.0,   6.0, 40800., .5961,   0.0,   0.5,   9.0,   0.7
  0.0,  20.0,   0.0,   6.0,   6.0, 40200., 2.996,   1.0,   0.0,   9.0,   0.7
  0.0,  20.0,   0.0,   6.0,   6.0, 39600., 2.996,   1.0,   0.0,   9.0,   0.7
  0.0,  20.0,   0.0,   6.0,   6.0, 39000., 2.996,   1.0,   0.0,   9.0,   0.7
  0.0,  20.0,   0.0,   6.0,   6.0, 38400., .5961,   0.0, .3333,   9.0,   0.7
  0.0,  20.0,   0.0,   6.0,   6.0, 37800., .5961,   0.0, .1667,   9.0,   0.7
  0.0,  20.0,   0.0,   6.0,   6.0, 37200., 2.996,   1.0,   0.0,   9.0,   0.7
  0.0,  20.0,   0.0,   6.0,   6.0, 36600., .5961,   0.0, .6667,   9.0,   0.7
  0.0,  20.0,   0.0,   6.0,   6.0, 36000., .4623,   0.0, .1667,   9.0,   0.7
  0.0,  20.0,   0.0,   6.0,   6.0, 35400., 2.996,   1.0,   0.0,   9.0,   0.7
  0.0,  20.0,   0.0,   6.0,   6.0, 34800., 2.996,   1.0,   0.0,   9.0,   0.7
  0.0,  20.0,   0.0,   6.0,   6.0, 34200., 2.996,   1.0,   0.0,   9.0,   0.7
  0.0,  20.0,   0.0,   6.0,   6.0, 33600., 2.996,   1.0,   0.0,   9.0,   0.7
  0.0,  20.0,   0.0,   6.0,   6.0, 33000., 2.996,   1.0,   0.0,   9.0,   0.7
  0.0,  20.0,   0.0,   6.0,   6.0, 32400., 2.996,   1.0,   0.0,   9.0,   0.7
  0.0,  20.0,   0.0,   6.0,   6.0, 31800., 2.996,   1.0,   0.0,   9.0,   0.7
  0.0,  20.0,   0.0,   6.0,   6.0, 31200., 2.996,   1.0,   0.0,   9.0,   0.7
  0.0,  20.0,   0.0,   6.0,   6.0, 30600., .5961,   0.0, .3333,   9.0,   0.7
  0.0,  20.0,   0.0,   6.0,   6.0, 30000., 2.996,   1.0,   0.0,   9.0,   0.7
  0.0,  20.0,   0.0,   6.0,   6.0, 29400., 2.996,   1.0,   0.0,   9.0,   0.7
  0.0,  20.0,   0.0,   6.0,   6.0, 28800., 2.996,   1.0,   0.0,   9.0,   0.7
  0.0,  20.0,   0.0,   6.0,   6.0, 28200., 2.996,   1.0,   0.0,   9.0,   0.7
  0.0,  20.0,   0.0,   6.0,   6.0, 27600., .4623,   0.0, .8333,   9.0,   0.7
  0.0,  20.0,   0.0,   6.0,   6.0, 27000., .5961,   0.0,   0.0,   9.0,   0.7
  0.0,  20.0,   0.0,   6.0,   6.0, 26400., 2.996,   1.0,   0.0,   9.0,   0.7
  0.0,  20.0,   0.0,   6.0,   6.0, 25800., .5961,   0.0, .3333,   9.0,   0.7
  0.0,  20.0,   0.0,   6.0,   6.0, 25200., 2.996,   1.0,   0.0,   9.0,   0.7
  0.0,  20.0,   0.0,   6.0,   6.0, 24600., 2.996,   1.0,   0.0,   9.0,   0.7
  0.0,  20.0,   0.0,   6.0,   6.0, 24000., 2.996,   1.0,   0.0,   9.0,   0.7
  0.0,  20.0,   0.0,   6.0,   6.0, 23400., .5961,   0.0, .1667,   9.0,   0.7
  0.0,  20.0,   0.0,   6.0,   6.0, 22800., .2239,   0.0, .1667,   9.0,   0.7
  0.0,  20.0,   0.0,   6.0,   6.0, 22200., 2.996,   1.0,   0.0,   9.0,   0.7
  0.0,  20.0,   0.0,   6.0,   6.0, 21600., 0.164,   0.0, .3333,   9.0,   0.7
  0.0,  20.0,   0.0,   6.0,   6.0, 21000., 2.996,   1.0,   0.0,   9.0,   0.7
  0.0,  20.0,   0.0,   6.0,   6.0, 20400., .5961,   0.0,   0.5,   9.0,   0.7
  0.0,  20.0,   0.0,   6.0,   6.0, 19800., 2.996,   1.0,   0.0,   9.0,   0.7
  0.0,  20.0,   0.0,   6.0,   6.0, 19200., 2.996,   1.0,   0.0,   9.0,   0.7
  0.0,  20.0,   0.0,   6.0,   6.0, 18600., .3921,   0.0, .3333,   9.0,   0.7
  0.0,  20.0,   0.0,   6.0,   6.0, 18000., .5961,   0.0,   0.0,   9.0,   0.7
  0.0,  20.0,   0.0,   6.0,   6.0, 17400., .2239,   0.0, .3333,   9.0,   0.7
  0.0,  20.0,   0.0,   6.0,   6.0, 16800., .4861,   0.0, .1667,   9.0,   0.7
  0.0,  20.0,   0.0,   6.0,   6.0, 16200., .2239,   0.0, .6667,   9.0,   0.7
  0.0,  20.0,   0.0,   6.0,   6.0, 15600., .3921,   0.0, .3333,   9.0,   0.7
  0.0,  20.0,   0.0,   6.0,   6.0, 15000., -.466,   0.0,   0.5,   9.0,   0.7
  0.0,  20.0,   0.0,   6.0,   6.0, 14400., .3921,   0.0,   0.5,   9.0,   0.7
  0.0,  20.0,   0.0,   6.0,   6.0, 13800., .5961,   0.0, .1667,   9.0,   0.7
  0.0,  20.0,   0.0,   6.0,   6.0, 13200., .5961,   0.0, .3333,   9.0,   0.7
  0.0,  20.0,   0.0,   6.0,   6.0, 12600., .6245,   0.0,   0.5,   9.0,   0.7
  0.0,  20.0,   0.0,   6.0,   6.0, 12000., .5285,   0.0, .6667,   9.0,   0.7
  0.0,  20.0,   0.0,   6.0,   6.0, 11400., .5961,   0.0,   0.0,   9.0,   0.7
  0.0,  20.0,   0.0,   6.0,   6.0, 10800., .5961,   0.0, .3333,   9.0,   0.7
  0.0,  20.0,   0.0,   6.0,   6.0, 10200., .3921,   0.0, .1667,   9.0,   0.7
  0.0,  20.0,   0.0,   6.0,   6.0, 9600., .0186,   0.0, .6667,   9.0,   0.7
  0.0,  20.0,   0.0,   6.0,   6.0, 9000., .5285,   0.0,   0.5,   9.0,   0.7
  0.0,  20.0,   0.0,   6.0,   6.0, 8400., .6245,   0.0, .6667,   9.0,   0.7
  0.0,  20.0,   0.0,   6.0,   6.0, 7800., .6245,   0.0, .3333,   9.0,   0.7
  0.0,  20.0,   0.0,   6.0,   6.0, 7200., .3921,   0.0, .1667,   9.0,   0.7
  0.0,  20.0,   0.0,   6.0,   6.0, 6600., .5285,   0.0, .1667,   9.0,   0.7
  0.0,  20.0,   0.0,   6.0,   6.0, 6000., .3921,   0.0,   0.5,   9.0,   0.7
  0.0,  20.0,   0.0,   6.0,   6.0, 5400., .3921,   0.0, .3333,   9.0,   0.7
  0.0,  20.0,   0.0,   6.0,   6.0, 4800., .3921,   0.0,   0.5,   9.0,   0.7
  0.0,  20.0,   0.0,   6.0,   6.0, 4200., .0186,   0.0, .3333,   9.0,   0.7
  0.0,  20.0,   0.0,   6.0,   6.0, 3600., -.466,   0.0, .3333,   9.0,   0.7
  0.0,  20.0,   0.0,   6.0,   6.0, 3000., .5285,   0.0,   0.0,   9.0,   0.7
  0.0,  20.0,   0.0,   6.0,   6.0, 2400., .5285,   0.0, .1667,   9.0,   0.7
  0.0,  20.0,   0.0,   6.0,   6.0, 1800., .3921,   0.0,   0.5,   9.0,   0.7
  0.0,  20.0,   0.0,   6.0,   6.0,   1.1,   0.0,   0.0,   0.0,   9.0,   0.7
