Run, PTEV, PTES, NumSlots, NumAttributes, Time, ChunkV, ChunkSimilarity
  0.0,   1.0,   0.0,   6.0,   6.0, 13786680., .6219,   0.0, .3333
  0.0,   1.0,   0.0,   6.0,   6.0, 13783380., .6678,   0.0, .3333
  0.0,   1.0,   0.0,   6.0,   6.0, 13778881., .6315,   0.0,   0.0
  0.0,   1.0,   0.0,   6.0,   6.0, 13771681., .2909,   0.0, .1667
  0.0,   1.0,   0.0,   6.0,   6.0, 13763821., .5136,   0.0, .3333
  0.0,   1.0,   0.0,   6.0,   6.0, 13757700., .2909,   0.0,   0.5
  0.0,   1.0,   0.0,   6.0,   6.0, 13754280., .6562,   0.0,   0.5
  0.0,   1.0,   0.0,   6.0,   6.0, 13748280., .6562,   0.0, .3333
  0.0,   1.0,   0.0,   6.0,   6.0, 13746481., .6678,   0.0, .1667
  0.0,   1.0,   0.0,   6.0,   6.0, 13744260., .5718,   0.0, .1667
  0.0,   1.0,   0.0,   6.0,   6.0, 13741981., .5604,   0.0, .6667
  0.0,   1.0,   0.0,   6.0,   6.0, 13740720., .6562,   0.0, .8333
  0.0,   1.0,   0.0,   6.0,   6.0, 13678260., 0.225,   0.0, .1667
  0.0,   1.0,   0.0,   6.0,   6.0, 13674781., .6839,   0.0, .1667
  0.0,   1.0,   0.0,   6.0,   6.0, 13666981., 0.447,   0.0, .1667
  0.0,   1.0,   0.0,   6.0,   6.0, 13666620., .6562,   0.0, .3333
  0.0,   1.0,   0.0,   6.0,   6.0, 13654740., .5136,   0.0, .3333
  0.0,   1.0,   0.0,   6.0,   6.0, 13594920., .6562,   0.0, .1667
  0.0,   1.0,   0.0,   6.0,   6.0, 13583580., .2962,   0.0, .3333
  0.0,   1.0,   0.0,   6.0,   6.0, 13583400., -.005,   0.0, .6667
  0.0,   1.0,   0.0,   6.0,   6.0, 13571580., .6857,   0.0, .1667
  0.0,   1.0,   0.0,   6.0,   6.0, 13512001., .2451,   0.0,   0.5
  0.0,   1.0,   0.0,   6.0,   6.0, 13501440., .3237,   0.0,   0.5
  0.0,   1.0,   0.0,   6.0,   6.0, 13496760., .4775,   0.0, .1667
  0.0,   1.0,   0.0,   6.0,   6.0, 13493701., .5397,   0.0,   0.5
  0.0,   1.0,   0.0,   6.0,   6.0, 13492260., .6293,   0.0, .3333
  0.0,   1.0,   0.0,   6.0,   6.0, 13488180., .6678,   0.0, .3333
  0.0,   1.0,   0.0,   6.0,   6.0, 13483020., .3393,   0.0,   0.5
  0.0,   1.0,   0.0,   6.0,   6.0, 13482661., .3122,   0.0, .6667
  0.0,   1.0,   0.0,   6.0,   6.0, 13482060., .6857,   0.0, .3333
  0.0,   1.0,   0.0,   6.0,   6.0, 13432141., .4775,   0.0,   0.5
  0.0,   1.0,   0.0,   6.0,   6.0, 13424761., .6508,   0.0, .1667
  0.0,   1.0,   0.0,   6.0,   6.0, 13422240., .4775,   0.0, .1667
  0.0,   1.0,   0.0,   6.0,   6.0, 13418521., .5361,   0.0, .1667
  0.0,   1.0,   0.0,   6.0,   6.0, 13416180., .6515,   0.0, .3333
  0.0,   1.0,   0.0,   6.0,   6.0, 13415880., .4775,   0.0, .6667
  0.0,   1.0,   0.0,   6.0,   6.0, 13414020., .6706,   0.0, .6667
  0.0,   1.0,   0.0,   6.0,   6.0, 13407361., .3701,   0.0,   0.5
  0.0,   1.0,   0.0,   6.0,   6.0, 13400340., .6562,   0.0,   0.5
  0.0,   1.0,   0.0,   6.0,   6.0, 13393861., .3674,   0.0, .6667
  0.0,   1.0,   0.0,   6.0,   6.0, 13334820., .5177,   0.0, .3333
  0.0,   1.0,   0.0,   6.0,   6.0, 13332540., .1235,   0.0,   0.5
  0.0,   1.0,   0.0,   6.0,   6.0, 13326540., .6857,   0.0, .1667
  0.0,   1.0,   0.0,   6.0,   6.0, 13324621., .6515,   0.0, .3333
  0.0,   1.0,   0.0,   6.0,   6.0, 13322821., .5981,   0.0,   0.5
  0.0,   1.0,   0.0,   6.0,   6.0, 13320420., .6463,   0.0, .3333
  0.0,   1.0,   0.0,   6.0,   6.0, 13316461., .3268,   0.0, .3333
  0.0,   1.0,   0.0,   6.0,   6.0, 13313940., .5981,   0.0, .3333
  0.0,   1.0,   0.0,   6.0,   6.0, 13312560., .6562,   0.0, .3333
  0.0,   1.0,   0.0,   6.0,   6.0, 13310100., .5718,   0.0, .8333
  0.0,   1.0,   0.0,   6.0,   6.0, 13283220., .6562,   0.0,   0.5
  0.0,   1.0,   0.0,   6.0,   6.0, 13252980., .6562,   0.0,   0.5
  0.0,   1.0,   0.0,   6.0,   6.0, 13247941., .5718,   0.0, .3333
  0.0,   1.0,   0.0,   6.0,   6.0, 13240380., .5981,   0.0, .6667
  0.0,   1.0,   0.0,   6.0,   6.0, 13237140., .6562,   0.0, .1667
  0.0,   1.0,   0.0,   6.0,   6.0, 13236840., .6857,   0.0, .3333
  0.0,   1.0,   0.0,   6.0,   6.0, 13236480., .0245,   0.0, .3333
  0.0,   1.0,   0.0,   6.0,   6.0, 13235940., .6892,   0.0, .6667
  0.0,   1.0,   0.0,   6.0,   6.0, 13234380., .1309,   0.0,   0.5
  0.0,   1.0,   0.0,   6.0,   6.0, 13231080., .2682,   0.0, .6667
  0.0,   1.0,   0.0,   6.0,   6.0, 13228800., .5981,   0.0, .6667
  0.0,   1.0,   0.0,   6.0,   6.0, 13228741., .4705,   0.0,   0.5
  0.0,   1.0,   0.0,   6.0,   6.0, 13226640., .4705,   0.0, .3333
  0.0,   1.0,   0.0,   6.0,   6.0, 13226460., .5801,   0.0, .3333
  0.0,   1.0,   0.0,   6.0,   6.0, 13225921., .6562,   0.0,   0.0
  0.0,   1.0,   0.0,   6.0,   6.0, 13223760., .5981,   0.0,   0.5
  0.0,   1.0,   0.0,   6.0,   6.0, 13180921., .6562,   0.0, .3333
  0.0,   1.0,   0.0,   6.0,   6.0, 13176601., .5136,   0.0, .6667
  0.0,   1.0,   0.0,   6.0,   6.0, 13166100., .4775,   0.0, .1667
  0.0,   1.0,   0.0,   6.0,   6.0, 13155181., .4775,   0.0, .1667
  0.0,   1.0,   0.0,   6.0,   6.0, 13152961., .5136,   0.0, .1667
  0.0,   1.0,   0.0,   6.0,   6.0, 13146181., .6129,   0.0, .6667
  0.0,   1.0,   0.0,   6.0,   6.0, 13144200., .3674,   0.0, .6667
  0.0,   1.0,   0.0,   6.0,   6.0, 13142700., .5195,   0.0,   0.0
  0.0,   1.0,   0.0,   6.0,   6.0, 13142521., .5981,   0.0, .3333
  0.0,   1.0,   0.0,   6.0,   6.0, 13140060., -.054,   0.0, .3333
  0.0,   1.0,   0.0,   6.0,   6.0, 13139460., .6515,   0.0,   0.5
  0.0,   1.0,   0.0,   6.0,   6.0, 13136761., .6836,   0.0, .3333
  0.0,   1.0,   0.0,   6.0,   6.0, 13095780., .6862,   0.0, .3333
  0.0,   1.0,   0.0,   6.0,   6.0, 13077600., .4705,   0.0,   0.5
  0.0,   1.0,   0.0,   6.0,   6.0, 13073280., .4323,   0.0, .3333
  0.0,   1.0,   0.0,   6.0,   6.0, 13072080., .6562,   0.0,   0.0
  0.0,   1.0,   0.0,   6.0,   6.0, 13065900., .5718,   0.0,   0.5
  0.0,   1.0,   0.0,   6.0,   6.0, 13062001., .2962,   0.0,   0.5
  0.0,   1.0,   0.0,   6.0,   6.0, 13057021., 0.681,   0.0,   0.5
  0.0,   1.0,   0.0,   6.0,   6.0, 13054260., .5765,   0.0, .6667
  0.0,   1.0,   0.0,   6.0,   6.0, 13053840., .5981,   0.0, .3333
  0.0,   1.0,   0.0,   6.0,   6.0, 13052101., .6706,   0.0, .3333
  0.0,   1.0,   0.0,   6.0,   6.0, 13048740., .6787,   0.0, .6667
  0.0,   1.0,   0.0,   6.0,   6.0, 13025221., .6515,   0.0, .3333
  0.0,   1.0,   0.0,   6.0,   6.0, 13004581., .4775,   0.0, .3333
  0.0,   1.0,   0.0,   6.0,   6.0, 12994681., 0.068,   0.0, .1667
  0.0,   1.0,   0.0,   6.0,   6.0, 12990961., .6836,   0.0, .3333
  0.0,   1.0,   0.0,   6.0,   6.0, 12985680., .6463,   0.0,   0.5
  0.0,   1.0,   0.0,   6.0,   6.0, 12984240., .6515,   0.0, .3333
  0.0,   1.0,   0.0,   6.0,   6.0, 12983520., .4775,   0.0, .3333
  0.0,   1.0,   0.0,   6.0,   6.0, 12980941., .5225,   0.0, .3333
  0.0,   1.0,   0.0,   6.0,   6.0, 12973081., .6857,   0.0, .1667
  0.0,   1.0,   0.0,   6.0,   6.0, 12922861., .6857,   0.0,   0.0
  0.0,   1.0,   0.0,   6.0,   6.0, 12909721., .5609,   0.0, .3333
  0.0,   1.0,   0.0,   6.0,   6.0, 12895080., .2682,   0.0, .3333
  0.0,   1.0,   0.0,   6.0,   6.0, 12891300., .6562,   0.0,   0.5
  0.0,   1.0,   0.0,   6.0,   6.0, 12882660., .3247,   0.0, .3333
  0.0,   1.0,   0.0,   6.0,   6.0, 12877861., .5189,   0.0, .3333
  0.0,   1.0,   0.0,   6.0,   6.0, 12876900., .4705,   0.0,   0.5
  0.0,   1.0,   0.0,   6.0,   6.0, 12876720., .6562,   0.0, .3333
  0.0,   1.0,   0.0,   6.0,   6.0, 12833821., .6515,   0.0,   0.0
  0.0,   1.0,   0.0,   6.0,   6.0, 12826141., .4705,   0.0, .1667
  0.0,   1.0,   0.0,   6.0,   6.0, 12818520., .6515,   0.0,   0.5
  0.0,   1.0,   0.0,   6.0,   6.0, 12818161., .6562,   0.0, .3333
  0.0,   1.0,   0.0,   6.0,   6.0, 12808980., .5981,   0.0,   0.5
  0.0,   1.0,   0.0,   6.0,   6.0, 12807840., .6129,   0.0, .3333
  0.0,   1.0,   0.0,   6.0,   6.0, 12805080., .6562,   0.0, .1667
  0.0,   1.0,   0.0,   6.0,   6.0, 12801540., .6857,   0.0,   0.5
  0.0,   1.0,   0.0,   6.0,   6.0, 12798961., -.307,   0.0,   0.5
  0.0,   1.0,   0.0,   6.0,   6.0, 12795600., .6706,   0.0, .6667
  0.0,   1.0,   0.0,   6.0,   6.0, 12795480., .5703,   0.0, .6667
  0.0,   1.0,   0.0,   6.0,   6.0, 12794821., .5136,   0.0, .3333
  0.0,   1.0,   0.0,   6.0,   6.0, 12792240., .6535,   0.0,   0.0
  0.0,   1.0,   0.0,   6.0,   6.0, 12732061., .5201,   0.0,   0.5
  0.0,   1.0,   0.0,   6.0,   6.0, 12723000., .4775,   0.0,   0.5
  0.0,   1.0,   0.0,   6.0,   6.0, 12719221., .2682,   0.0,   0.5
  0.0,   1.0,   0.0,   6.0,   6.0, 12718620., .6857,   0.0,   0.5
  0.0,   1.0,   0.0,   6.0,   6.0, 12717060., .6515,   0.0, .3333
  0.0,   1.0,   0.0,   6.0,   6.0, 12715440., .2682,   0.0, .3333
  0.0,   1.0,   0.0,   6.0,   6.0, 12715201., -.028,   0.0, .3333
  0.0,   1.0,   0.0,   6.0,   6.0, 12709200., .4383,   0.0, .8333
  0.0,   1.0,   0.0,   6.0,   6.0, 12707340., .5499,   0.0,   0.5
  0.0,   1.0,   0.0,   6.0,   6.0, 12703080., .4357,   0.0, .1667
  0.0,   1.0,   0.0,   6.0,   6.0, 12674641., .6515,   0.0,   0.5
  0.0,   1.0,   0.0,   6.0,   6.0, 12651960., .4775,   0.0, .3333
  0.0,   1.0,   0.0,   6.0,   6.0, 12647161., .6562,   0.0, .3333
  0.0,   1.0,   0.0,   6.0,   6.0, 12631621., .6562,   0.0,   0.5
  0.0,   1.0,   0.0,   6.0,   6.0, 12623821., .4705,   0.0, .1667
  0.0,   1.0,   0.0,   6.0,   6.0, 12623760., .6579,   0.0, .6667
  0.0,   1.0,   0.0,   6.0,   6.0, 12620281., .5994,   0.0, .8333
  0.0,   1.0,   0.0,   6.0,   6.0, 12619320., .6562,   0.0,   0.5
  0.0,   1.0,   0.0,   6.0,   6.0, 12558420., .2827,   0.0,   0.5
  0.0,   1.0,   0.0,   6.0,   6.0, 12555360., .6562,   0.0, .3333
  0.0,   1.0,   0.0,   6.0,   6.0, 12553741., .2827,   0.0, .1667
  0.0,   1.0,   0.0,   6.0,   6.0, 12550800., .4357,   0.0,   0.5
  0.0,   1.0,   0.0,   6.0,   6.0, 12540120., .4756,   0.0,   0.5
  0.0,   1.0,   0.0,   6.0,   6.0, 12539040., .6857,   0.0, .1667
  0.0,   1.0,   0.0,   6.0,   6.0, 12536701., .1384,   0.0, .8333
  0.0,   1.0,   0.0,   6.0,   6.0, 12533460., .6219,   0.0, .3333
  0.0,   1.0,   0.0,   6.0,   6.0, 12532200., .5981,   0.0, .1667
  0.0,   1.0,   0.0,   6.0,   6.0, 12476880., 0.171,   0.0, .1667
  0.0,   1.0,   0.0,   6.0,   6.0, 12471900., .4539,   0.0,   0.5
  0.0,   1.0,   0.0,   6.0,   6.0, 12466560., .2962,   0.0, .3333
  0.0,   1.0,   0.0,   6.0,   6.0, 12465840., 0.686,   0.0,   0.5
  0.0,   1.0,   0.0,   6.0,   6.0, 12464640., .4775,   0.0,   0.5
  0.0,   1.0,   0.0,   6.0,   6.0, 12462720., 0.634,   0.0, .3333
  0.0,   1.0,   0.0,   6.0,   6.0, 12461761., .5742,   0.0,   1.0
  0.0,   1.0,   0.0,   6.0,   6.0, 12459780., .4775,   0.0, .6667
  0.0,   1.0,   0.0,   6.0,   6.0, 12458821., .6562,   0.0, .1667
  0.0,   1.0,   0.0,   6.0,   6.0, 12452580., .6562,   0.0, .1667
  0.0,   1.0,   0.0,   6.0,   6.0, 12445320., .5981,   0.0, .1667
  0.0,   1.0,   0.0,   6.0,   6.0, 12444300., .6515,   0.0,   0.5
  0.0,   1.0,   0.0,   6.0,   6.0, 12406920., .4034,   0.0, .3333
  0.0,   1.0,   0.0,   6.0,   6.0, 12390480., .4061,   0.0, .3333
  0.0,   1.0,   0.0,   6.0,   6.0, 12374460., .5215,   0.0,   0.5
  0.0,   1.0,   0.0,   6.0,   6.0, 12374101., .6857,   0.0, .3333
  0.0,   1.0,   0.0,   6.0,   6.0, 12370261., .2827,   0.0, .3333
  0.0,   1.0,   0.0,   6.0,   6.0, 12365880., .6562,   0.0, .1667
  0.0,   1.0,   0.0,   6.0,   6.0, 12301500., .6515,   0.0, .3333
  0.0,   1.0,   0.0,   6.0,   6.0, 12296941., .4705,   0.0, .3333
  0.0,   1.0,   0.0,   6.0,   6.0, 12295860., .5718,   0.0, .1667
  0.0,   1.0,   0.0,   6.0,   6.0, 12294961., .6334,   0.0,   0.5
  0.0,   1.0,   0.0,   6.0,   6.0, 12291120., .2248,   0.0, .3333
  0.0,   1.0,   0.0,   6.0,   6.0, 12286200., .6515,   0.0, .3333
  0.0,   1.0,   0.0,   6.0,   6.0, 12276660., 0.415,   0.0, .3333
  0.0,   1.0,   0.0,   6.0,   6.0, 12273660., .0637,   0.0, .3333
  0.0,   1.0,   0.0,   6.0,   6.0, 12210660., .6706,   0.0, .6667
  0.0,   1.0,   0.0,   6.0,   6.0, 12202141., .4705,   0.0,   0.5
  0.0,   1.0,   0.0,   6.0,   6.0, 12197220., .6839,   0.0,   0.5
  0.0,   1.0,   0.0,   6.0,   6.0, 12196680., .3442,   0.0, .6667
  0.0,   1.0,   0.0,   6.0,   6.0, 12195540., .0367,   0.0,   0.5
  0.0,   1.0,   0.0,   6.0,   6.0, 12191941., -.515,   0.0,   0.5
  0.0,   1.0,   0.0,   6.0,   6.0, 12191280., .2827,   0.0,   0.5
  0.0,   1.0,   0.0,   6.0,   6.0, 12190320., .5368,   0.0, .3333
  0.0,   1.0,   0.0,   6.0,   6.0, 12187260., .5718,   0.0,   0.5
  0.0,   1.0,   0.0,   6.0,   6.0, 12186781., .6349,   0.0, .6667
  0.0,   1.0,   0.0,   6.0,   6.0, 12116820., .3442,   0.0, .3333
  0.0,   1.0,   0.0,   6.0,   6.0, 12115980., .5718,   0.0,   0.5
  0.0,   1.0,   0.0,   6.0,   6.0, 12112080., -.547,   0.0, .8333
  0.0,   1.0,   0.0,   6.0,   6.0, 12110401., .6129,   0.0, .1667
  0.0,   1.0,   0.0,   6.0,   6.0, 12110340., .3237,   0.0, .8333
  0.0,   1.0,   0.0,   6.0,   6.0, 12110220., .6562,   0.0,   0.0
  0.0,   1.0,   0.0,   6.0,   6.0, 12106260., .4513,   0.0,   0.5
  0.0,   1.0,   0.0,   6.0,   6.0, 12105000., .3237,   0.0,   0.0
  0.0,   1.0,   0.0,   6.0,   6.0, 12101940., .6515,   0.0,   0.5
  0.0,   1.0,   0.0,   6.0,   6.0, 12100560., .6678,   0.0, .3333
  0.0,   1.0,   0.0,   6.0,   6.0, 12045181., .4775,   0.0, .3333
  0.0,   1.0,   0.0,   6.0,   6.0, 12044520., .5334,   0.0,   0.5
  0.0,   1.0,   0.0,   6.0,   6.0, 12030600., .5981,   0.0, .1667
  0.0,   1.0,   0.0,   6.0,   6.0, 12030540., .6515,   0.0, .3333
  0.0,   1.0,   0.0,   6.0,   6.0, 12030180., -.143,   0.0, .1667
  0.0,   1.0,   0.0,   6.0,   6.0, 12025440., .0594,   0.0, .6667
  0.0,   1.0,   0.0,   6.0,   6.0, 11967901., .5981,   0.0,   0.5
  0.0,   1.0,   0.0,   6.0,   6.0, 11963400., .5981,   0.0,   0.5
  0.0,   1.0,   0.0,   6.0,   6.0, 11951400., .4775,   0.0,   0.5
  0.0,   1.0,   0.0,   6.0,   6.0, 11946900., .6678,   0.0, .3333
  0.0,   1.0,   0.0,   6.0,   6.0, 11944740., -.143,   0.0,   0.5
  0.0,   1.0,   0.0,   6.0,   6.0, 11943180., .4954,   0.0,   0.5
  0.0,   1.0,   0.0,   6.0,   6.0, 11942641., .6662,   0.0, .3333
  0.0,   1.0,   0.0,   6.0,   6.0, 11942341., .4775,   0.0,   0.5
  0.0,   1.0,   0.0,   6.0,   6.0, 11939460., .0852,   0.0,   0.5
  0.0,   1.0,   0.0,   6.0,   6.0, 11938440., .6112,   0.0, .3333
  0.0,   1.0,   0.0,   6.0,   6.0, 11937240., .3122,   0.0, .1667
  0.0,   1.0,   0.0,   6.0,   6.0, 11929501., .5718,   0.0,   0.5
  0.0,   1.0,   0.0,   6.0,   6.0, 11929320., .3551,   0.0, .3333
  0.0,   1.0,   0.0,   6.0,   6.0, 11929081., .4775,   0.0, .3333
  0.0,   1.0,   0.0,   6.0,   6.0, 11926440., .6857,   0.0, .3333
  0.0,   1.0,   0.0,   6.0,   6.0, 11875741., .5334,   0.0, .3333
  0.0,   1.0,   0.0,   6.0,   6.0, 11875080., 0.558,   0.0,   0.5
  0.0,   1.0,   0.0,   6.0,   6.0, 11860440., .6562,   0.0, .1667
  0.0,   1.0,   0.0,   6.0,   6.0, 11857921., .6515,   0.0, .3333
  0.0,   1.0,   0.0,   6.0,   6.0, 11856600., .3952,   0.0, .6667
  0.0,   1.0,   0.0,   6.0,   6.0, 11856120., .5718,   0.0, .3333
  0.0,   1.0,   0.0,   6.0,   6.0, 11855760., .2379,   0.0, .3333
  0.0,   1.0,   0.0,   6.0,   6.0, 11848561., .5765,   0.0, .6667
  0.0,   1.0,   0.0,   6.0,   6.0, 11843640., .6562,   0.0, .1667
  0.0,   1.0,   0.0,   6.0,   6.0, 11839740., .6515,   0.0, .3333
  0.0,   1.0,   0.0,   6.0,   6.0, 11786581., .4775,   0.0,   0.0
  0.0,   1.0,   0.0,   6.0,   6.0, 11780400., .3393,   0.0, .3333
  0.0,   1.0,   0.0,   6.0,   6.0, 11777400., .4051,   0.0, .3333
  0.0,   1.0,   0.0,   6.0,   6.0, 11768821., 0.624,   0.0, .3333
  0.0,   1.0,   0.0,   6.0,   6.0, 11768160., .5513,   0.0,   0.5
  0.0,   1.0,   0.0,   6.0,   6.0, 11761800., .4756,   0.0, .1667
  0.0,   1.0,   0.0,   6.0,   6.0, 11757960., .5718,   0.0, .3333
  0.0,   1.0,   0.0,   6.0,   6.0, 11757721., .4775,   0.0, .3333
  0.0,   1.0,   0.0,   6.0,   6.0, 11754181., .6515,   0.0, .3333
  0.0,   1.0,   0.0,   6.0,   6.0, 11751000., .5136,   0.0,   0.0
  0.0,   1.0,   0.0,   6.0,   6.0, 11701560., .4495,   0.0,   0.5
  0.0,   1.0,   0.0,   6.0,   6.0, 11695500., .6836,   0.0, .3333
  0.0,   1.0,   0.0,   6.0,   6.0, 11678220., .6562,   0.0, .3333
  0.0,   1.0,   0.0,   6.0,   6.0, 11678100., .2379,   0.0,   0.5
  0.0,   1.0,   0.0,   6.0,   6.0, 11676540., .4371,   0.0,   0.5
  0.0,   1.0,   0.0,   6.0,   6.0, 11674260., .6044,   0.0,   0.5
  0.0,   1.0,   0.0,   6.0,   6.0, 11668440., .6515,   0.0, .1667
  0.0,   1.0,   0.0,   6.0,   6.0, 11667660., .5981,   0.0, .6667
  0.0,   1.0,   0.0,   6.0,   6.0, 11665500., .4195,   0.0,   0.5
  0.0,   1.0,   0.0,   6.0,   6.0, 11624880., .6678,   0.0,   0.5
  0.0,   1.0,   0.0,   6.0,   6.0, 11610361., .3393,   0.0,   0.5
  0.0,   1.0,   0.0,   6.0,   6.0, 11600340., .6112,   0.0, .3333
  0.0,   1.0,   0.0,   6.0,   6.0, 11599620., .5981,   0.0, .3333
  0.0,   1.0,   0.0,   6.0,   6.0, 11597880., .4705,   0.0, .1667
  0.0,   1.0,   0.0,   6.0,   6.0, 11593980., .4954,   0.0, .3333
  0.0,   1.0,   0.0,   6.0,   6.0, 11593740., .5718,   0.0,   0.5
  0.0,   1.0,   0.0,   6.0,   6.0, 11593140., .6579,   0.0, .3333
  0.0,   1.0,   0.0,   6.0,   6.0, 11587741., .0234,   0.0, .6667
  0.0,   1.0,   0.0,   6.0,   6.0, 11587680., .4705,   0.0,   0.5
  0.0,   1.0,   0.0,   6.0,   6.0, 11585221., .2962,   0.0, .8333
  0.0,   1.0,   0.0,   6.0,   6.0, 11583720., .6562,   0.0, .1667
  0.0,   1.0,   0.0,   6.0,   6.0, 11578441., .6907,   0.0,   0.0
  0.0,   1.0,   0.0,   6.0,   6.0, 11558401., .0367,   0.0, .1667
  0.0,   1.0,   0.0,   6.0,   6.0, 11539500., .6678,   0.0,   0.5
  0.0,   1.0,   0.0,   6.0,   6.0, 11522881., .6562,   0.0, .3333
  0.0,   1.0,   0.0,   6.0,   6.0, 11521741., .6515,   0.0, .1667
  0.0,   1.0,   0.0,   6.0,   6.0, 11516881., .4606,   0.0, .1667
  0.0,   1.0,   0.0,   6.0,   6.0, 11507340., .6678,   0.0, .3333
  0.0,   1.0,   0.0,   6.0,   6.0, 11504161., .6678,   0.0, .1667
  0.0,   1.0,   0.0,   6.0,   6.0, 11504040., .3393,   0.0, .3333
  0.0,   1.0,   0.0,   6.0,   6.0, 11503561., .5718,   0.0,   0.5
  0.0,   1.0,   0.0,   6.0,   6.0, 11501041., .6088,   0.0, .1667
  0.0,   1.0,   0.0,   6.0,   6.0, 11499901., 0.686,   0.0, .1667
  0.0,   1.0,   0.0,   6.0,   6.0, 11494381., .1688,   0.0,   0.5
  0.0,   1.0,   0.0,   6.0,   6.0, 11466540., .6562,   0.0, .3333
  0.0,   1.0,   0.0,   6.0,   6.0, 11465700., .6562,   0.0, .1667
  0.0,   1.0,   0.0,   6.0,   6.0, 11432220., .5718,   0.0, .3333
  0.0,   1.0,   0.0,   6.0,   6.0, 11429220., .6515,   0.0,   0.5
  0.0,   1.0,   0.0,   6.0,   6.0, 11428740., -.263,   0.0, .1667
  0.0,   1.0,   0.0,   6.0,   6.0, 11428320., .4705,   0.0, .6667
  0.0,   1.0,   0.0,   6.0,   6.0, 11427840., .6787,   0.0,   0.5
  0.0,   1.0,   0.0,   6.0,   6.0, 11411940., .4775,   0.0,   0.5
  0.0,   1.0,   0.0,   6.0,   6.0, 11411460., 0.171,   0.0, .3333
  0.0,   1.0,   0.0,   6.0,   6.0, 11352840., .3373,   0.0, .3333
  0.0,   1.0,   0.0,   6.0,   6.0, 11351940., .4775,   0.0, .3333
  0.0,   1.0,   0.0,   6.0,   6.0, 11347680., .6748,   0.0, .3333
  0.0,   1.0,   0.0,   6.0,   6.0, 11346241., .6217,   0.0,   0.5
  0.0,   1.0,   0.0,   6.0,   6.0, 11332081., .5718,   0.0,   0.0
  0.0,   1.0,   0.0,   6.0,   6.0, 11330881., .0424,   0.0,   0.5
  0.0,   1.0,   0.0,   6.0,   6.0, 11322361., .3247,   0.0,   0.5
  0.0,   1.0,   0.0,   6.0,   6.0, 11300161., .6515,   0.0, .3333
  0.0,   1.0,   0.0,   6.0,   6.0, 11264161., .6907,   0.0,   0.5
  0.0,   1.0,   0.0,   6.0,   6.0, 11262601., .5063,   0.0, .6667
  0.0,   1.0,   0.0,   6.0,   6.0, 11255940., .6857,   0.0, .3333
  0.0,   1.0,   0.0,   6.0,   6.0, 11250780., .5646,   0.0, .3333
  0.0,   1.0,   0.0,   6.0,   6.0, 11248681., .6112,   0.0, .1667
  0.0,   1.0,   0.0,   6.0,   6.0, 11243580., .5981,   0.0, .3333
  0.0,   1.0,   0.0,   6.0,   6.0, 11196120., .4705,   0.0, .1667
  0.0,   1.0,   0.0,   6.0,   6.0, 11185920., .6515,   0.0, .8333
  0.0,   1.0,   0.0,   6.0,   6.0, 11179320., .1384,   0.0,   0.5
  0.0,   1.0,   0.0,   6.0,   6.0, 11162760., .6112,   0.0, .3333
  0.0,   1.0,   0.0,   6.0,   6.0, 11158800., .6562,   0.0, .3333
  0.0,   1.0,   0.0,   6.0,   6.0, 11155621., .5644,   0.0, .3333
  0.0,   1.0,   0.0,   6.0,   6.0, 11150701., .0594,   0.0,   0.5
  0.0,   1.0,   0.0,   6.0,   6.0, 11150401., .2532,   0.0, .1667
  0.0,   1.0,   0.0,   6.0,   6.0, 11149381., .5136,   0.0,   0.5
  0.0,   1.0,   0.0,   6.0,   6.0, 11085840., .6112,   0.0, .3333
  0.0,   1.0,   0.0,   6.0,   6.0, 11083860., .4775,   0.0, .3333
  0.0,   1.0,   0.0,   6.0,   6.0, 11082900., .5981,   0.0,   0.5
  0.0,   1.0,   0.0,   6.0,   6.0, 11081400., .4705,   0.0,   0.5
  0.0,   1.0,   0.0,   6.0,   6.0, 11080441., .6562,   0.0, .3333
  0.0,   1.0,   0.0,   6.0,   6.0, 11080080., .6112,   0.0, .3333
  0.0,   1.0,   0.0,   6.0,   6.0, 11079361., .5361,   0.0,   0.0
  0.0,   1.0,   0.0,   6.0,   6.0, 11079060., .6857,   0.0,   0.5
  0.0,   1.0,   0.0,   6.0,   6.0, 11078460., .4705,   0.0, .1667
  0.0,   1.0,   0.0,   6.0,   6.0, 11074260., .6562,   0.0, .3333
  0.0,   1.0,   0.0,   6.0,   6.0, 11070661., .4034,   0.0, .1667
  0.0,   1.0,   0.0,   6.0,   6.0, 11069521., .5718,   0.0,   0.0
  0.0,   1.0,   0.0,   6.0,   6.0, 11061901., .6515,   0.0, .3333
  0.0,   1.0,   0.0,   6.0,   6.0, 11043660., .5718,   0.0,   0.5
  0.0,   1.0,   0.0,   6.0,   6.0, 11036101., 0.247,   0.0,   0.0
  0.0,   1.0,   0.0,   6.0,   6.0, 11005200., -.258,   0.0, .1667
  0.0,   1.0,   0.0,   6.0,   6.0, 10987260., .6494,   0.0,   0.0
  0.0,   1.0,   0.0,   6.0,   6.0, 10985161., .4756,   0.0, .1667
  0.0,   1.0,   0.0,   6.0,   6.0, 10925100., .6541,   0.0, .3333
  0.0,   1.0,   0.0,   6.0,   6.0, 10917000., .5136,   0.0,   0.5
  0.0,   1.0,   0.0,   6.0,   6.0, 10906020., 0.214,   0.0, .3333
  0.0,   1.0,   0.0,   6.0,   6.0, 10904040., .5718,   0.0,   0.0
  0.0,   1.0,   0.0,   6.0,   6.0, 10902420., .6836,   0.0, .6667
  0.0,   1.0,   0.0,   6.0,   6.0, 10891020., .6562,   0.0, .3333
  0.0,   1.0,   0.0,   6.0,   6.0, 10889820., .5022,   0.0, .6667
  0.0,   1.0,   0.0,   6.0,   6.0, 10847460., .6706,   0.0, .3333
  0.0,   1.0,   0.0,   6.0,   6.0, 10834320., .6562,   0.0, .1667
  0.0,   1.0,   0.0,   6.0,   6.0, 10824960., .5718,   0.0, .3333
  0.0,   1.0,   0.0,   6.0,   6.0, 10820880., .3237,   0.0, .3333
  0.0,   1.0,   0.0,   6.0,   6.0, 10818900., .3711,   0.0, .6667
  0.0,   1.0,   0.0,   6.0,   6.0, 10817640., .5981,   0.0, .3333
  0.0,   1.0,   0.0,   6.0,   6.0, 10814100., .6562,   0.0, .3333
  0.0,   1.0,   0.0,   6.0,   6.0, 10809241., .6562,   0.0,   0.5
  0.0,   1.0,   0.0,   6.0,   6.0, 10749360., .6787,   0.0, .3333
  0.0,   1.0,   0.0,   6.0,   6.0, 10733401., .5765,   0.0,   0.5
  0.0,   1.0,   0.0,   6.0,   6.0, 10731300., .6562,   0.0, .3333
  0.0,   1.0,   0.0,   6.0,   6.0, 10728120., 0.603,   0.0, .6667
  0.0,   1.0,   0.0,   6.0,   6.0, 10725420., .4775,   0.0,   0.5
  0.0,   1.0,   0.0,   6.0,   6.0, 10719301., .5718,   0.0, .3333
  0.0,   1.0,   0.0,   6.0,   6.0, 10690020., .5644,   0.0, .6667
  0.0,   1.0,   0.0,   6.0,   6.0, 10683660., .1722,   0.0,   0.5
  0.0,   1.0,   0.0,   6.0,   6.0, 10672200., .5646,   0.0, .3333
  0.0,   1.0,   0.0,   6.0,   6.0, 10666500., .4775,   0.0, .1667
  0.0,   1.0,   0.0,   6.0,   6.0, 10655880., .4893,   0.0, .6667
  0.0,   1.0,   0.0,   6.0,   6.0, 10654860., .4775,   0.0, .3333
  0.0,   1.0,   0.0,   6.0,   6.0, 10651620., .4705,   0.0,   0.0
  0.0,   1.0,   0.0,   6.0,   6.0, 10641602.,   0.0,   0.0,   0.0
  0.0,   1.0,   0.0,   6.0,   6.0, 10640581., .4775,   0.0, .3333
  0.0,   1.0,   0.0,   6.0,   6.0, 10639200., .6787,   0.0, .6667
  0.0,   1.0,   0.0,   6.0,   6.0, 10631760., .5056,   0.0, .1667
  0.0,   1.0,   0.0,   6.0,   6.0, 10595460., .6562,   0.0,   0.0
  0.0,   1.0,   0.0,   6.0,   6.0, 10574760., .6909,   0.0, .3333
  0.0,   1.0,   0.0,   6.0,   6.0, 10565520., .6515,   0.0, .6667
  0.0,   1.0,   0.0,   6.0,   6.0, 10559641., .5644,   0.0,   0.5
  0.0,   1.0,   0.0,   6.0,   6.0, 10558560., .5604,   0.0, .6667
  0.0,   1.0,   0.0,   6.0,   6.0, 10558021., .5361,   0.0, .1667
  0.0,   1.0,   0.0,   6.0,   6.0, 10552141., .3317,   0.0, .3333
  0.0,   1.0,   0.0,   6.0,   6.0, 10546081., .5981,   0.0, .3333
  0.0,   1.0,   0.0,   6.0,   6.0, 10542600., .6515,   0.0, .1667
  0.0,   1.0,   0.0,   6.0,   6.0, 10474500., .4195,   0.0,   0.5
  0.0,   1.0,   0.0,   6.0,   6.0, 10464480., .5609,   0.0,   1.0
  0.0,   1.0,   0.0,   6.0,   6.0, 10464360., .6787,   0.0, .3333
  0.0,   1.0,   0.0,   6.0,   6.0, 10410000., .5981,   0.0, .3333
  0.0,   1.0,   0.0,   6.0,   6.0, 10397340., .6515,   0.0, .3333
  0.0,   1.0,   0.0,   6.0,   6.0, 10393140., .4775,   0.0, .3333
  0.0,   1.0,   0.0,   6.0,   6.0, 10383301., 0.686,   0.0,   0.5
  0.0,   1.0,   0.0,   6.0,   6.0, 10383180., .6562,   0.0, .1667
  0.0,   1.0,   0.0,   6.0,   6.0, 10380000., -.479,   0.0, .3333
  0.0,   1.0,   0.0,   6.0,   6.0, 10378080., .6515,   0.0,   0.0
  0.0,   1.0,   0.0,   6.0,   6.0, 10375260., .5361,   0.0, .6667
  0.0,   1.0,   0.0,   6.0,   6.0, 10333381., .4775,   0.0,   0.5
  0.0,   1.0,   0.0,   6.0,   6.0, 10315740., .4121,   0.0, .8333
  0.0,   1.0,   0.0,   6.0,   6.0, 10309500., .3736,   0.0, .6667
  0.0,   1.0,   0.0,   6.0,   6.0, 10308060., .5136,   0.0, .1667
  0.0,   1.0,   0.0,   6.0,   6.0, 10307640., .3522,   0.0,   0.5
  0.0,   1.0,   0.0,   6.0,   6.0, 10301280., .6315,   0.0, .3333
  0.0,   1.0,   0.0,   6.0,   6.0, 10298521., .5718,   0.0, .6667
  0.0,   1.0,   0.0,   6.0,   6.0, 10291621., .3674,   0.0,   0.5
  0.0,   1.0,   0.0,   6.0,   6.0, 10288921., .5981,   0.0,   0.5
  0.0,   1.0,   0.0,   6.0,   6.0, 10287301., .5981,   0.0, .3333
  0.0,   1.0,   0.0,   6.0,   6.0, 10233241., .6743,   0.0,   0.5
  0.0,   1.0,   0.0,   6.0,   6.0, 10227300., .6562,   0.0,   0.0
  0.0,   1.0,   0.0,   6.0,   6.0, 10226341., .6562,   0.0, .1667
  0.0,   1.0,   0.0,   6.0,   6.0, 10224060., .5604,   0.0, .6667
  0.0,   1.0,   0.0,   6.0,   6.0, 10219560., .6562,   0.0, .3333
  0.0,   1.0,   0.0,   6.0,   6.0, 10216080., -0.94,   0.0, .6667
  0.0,   1.0,   0.0,   6.0,   6.0, 10213680., .6515,   0.0, .3333
  0.0,   1.0,   0.0,   6.0,   6.0, 10204081., .5718,   0.0, .1667
  0.0,   1.0,   0.0,   6.0,   6.0, 10201260., .1384,   0.0, .1667
  0.0,   1.0,   0.0,   6.0,   6.0, 10200001., .5981,   0.0, .1667
  0.0,   1.0,   0.0,   6.0,   6.0, 10198261., .5718,   0.0, .1667
  0.0,   1.0,   0.0,   6.0,   6.0, 10182240., .5415,   0.0, .3333
  0.0,   1.0,   0.0,   6.0,   6.0, 10150981., 0.686,   0.0, .6667
  0.0,   1.0,   0.0,   6.0,   6.0, 10144980., .6892,   0.0,   0.5
  0.0,   1.0,   0.0,   6.0,   6.0, 10137780., .4954,   0.0, .3333
  0.0,   1.0,   0.0,   6.0,   6.0, 10135740., .6515,   0.0, .6667
  0.0,   1.0,   0.0,   6.0,   6.0, 10134901., -.258,   0.0,   0.5
  0.0,   1.0,   0.0,   6.0,   6.0, 10123561., .4596,   0.0,   0.5
  0.0,   1.0,   0.0,   6.0,   6.0, 10121761., .6855,   0.0, .3333
  0.0,   1.0,   0.0,   6.0,   6.0, 10121220., .1198,   0.0,   0.5
  0.0,   1.0,   0.0,   6.0,   6.0, 10114620., .4775,   0.0,   0.5
  0.0,   1.0,   0.0,   6.0,   6.0, 10076520., .4014,   0.0, .3333
  0.0,   1.0,   0.0,   6.0,   6.0, 10062900., .0505,   0.0, .1667
  0.0,   1.0,   0.0,   6.0,   6.0, 10055340., .4625,   0.0,   0.5
  0.0,   1.0,   0.0,   6.0,   6.0, 10055161., .5981,   0.0,   0.5
  0.0,   1.0,   0.0,   6.0,   6.0, 10053600., .3622,   0.0, .8333
  0.0,   1.0,   0.0,   6.0,   6.0, 10044720., .5361,   0.0, .3333
  0.0,   1.0,   0.0,   6.0,   6.0, 10042740., .5718,   0.0, .1667
  0.0,   1.0,   0.0,   6.0,   6.0, 10035961., .6787,   0.0,   0.5
  0.0,   1.0,   0.0,   6.0,   6.0, 10034401.,   0.0,   0.0,   0.0
  0.0,   1.0,   0.0,   6.0,   6.0, 10033680., .6515,   0.0, .1667
  0.0,   1.0,   0.0,   6.0,   6.0, 10029840., .6562,   0.0, .1667
  0.0,   1.0,   0.0,   6.0,   6.0, 10028161., .6706,   0.0, .1667
  0.0,   1.0,   0.0,   6.0,   6.0, 9959881., -.258,   0.0, .6667
  0.0,   1.0,   0.0,   6.0,   6.0, 9950701., .5097,   0.0,   0.5
  0.0,   1.0,   0.0,   6.0,   6.0, 9946980., .5718,   0.0, .3333
  0.0,   1.0,   0.0,   6.0,   6.0, 9945480., .5981,   0.0, .1667
  0.0,   1.0,   0.0,   6.0,   6.0, 9944821., .5981,   0.0, .3333
  0.0,   1.0,   0.0,   6.0,   6.0, 9938280., .6675,   0.0, .1667
  0.0,   1.0,   0.0,   6.0,   6.0, 9937441., .6562,   0.0, .1667
  0.0,   1.0,   0.0,   6.0,   6.0, 9877140., .5994,   0.0, .1667
  0.0,   1.0,   0.0,   6.0,   6.0, 9872461., .6836,   0.0, .3333
  0.0,   1.0,   0.0,   6.0,   6.0, 9871080., .6515,   0.0, .3333
  0.0,   1.0,   0.0,   6.0,   6.0, 9859500., .4778,   0.0,   0.5
  0.0,   1.0,   0.0,   6.0,   6.0, 9858000., 0.673,   0.0, .3333
  0.0,   1.0,   0.0,   6.0,   6.0, 9856740., .3317,   0.0, .3333
  0.0,   1.0,   0.0,   6.0,   6.0, 9855660., .6892,   0.0, .3333
  0.0,   1.0,   0.0,   6.0,   6.0, 9854760., .6562,   0.0, .3333
  0.0,   1.0,   0.0,   6.0,   6.0, 9842821., .4705,   0.0, .1667
  0.0,   1.0,   0.0,   6.0,   6.0, 9822661., .6463,   0.0, .1667
  0.0,   1.0,   0.0,   6.0,   6.0, 9812700., .4705,   0.0, .3333
  0.0,   1.0,   0.0,   6.0,   6.0, 9801180., .6515,   0.0, .1667
  0.0,   1.0,   0.0,   6.0,   6.0, 9789421., -.934,   0.0,   0.0
  0.0,   1.0,   0.0,   6.0,   6.0, 9788040., .5695,   0.0,   0.5
  0.0,   1.0,   0.0,   6.0,   6.0, 9787980., -.934,   0.0, .6667
  0.0,   1.0,   0.0,   6.0,   6.0, 9786781., .6857,   0.0, .3333
  0.0,   1.0,   0.0,   6.0,   6.0, 9785820., .5604,   0.0,   0.0
  0.0,   1.0,   0.0,   6.0,   6.0, 9783000., .4705,   0.0, .6667
  0.0,   1.0,   0.0,   6.0,   6.0, 9780421., .5695,   0.0,   0.5
  0.0,   1.0,   0.0,   6.0,   6.0, 9775380., .0242,   0.0, .3333
  0.0,   1.0,   0.0,   6.0,   6.0, 9773521., .5718,   0.0,   0.5
  0.0,   1.0,   0.0,   6.0,   6.0, 9772620., .3997,   0.0, .1667
  0.0,   1.0,   0.0,   6.0,   6.0, 9771540., .4024,   0.0, .8333
  0.0,   1.0,   0.0,   6.0,   6.0, 9766861., .5718,   0.0, .1667
  0.0,   1.0,   0.0,   6.0,   6.0, 9766261., .6562,   0.0, .3333
  0.0,   1.0,   0.0,   6.0,   6.0, 9730081., .4371,   0.0, .1667
  0.0,   1.0,   0.0,   6.0,   6.0, 9720780., .5644,   0.0, .1667
  0.0,   1.0,   0.0,   6.0,   6.0, 9715080., .4775,   0.0, .3333
  0.0,   1.0,   0.0,   6.0,   6.0, 9713101., .5609,   0.0,   0.5
  0.0,   1.0,   0.0,   6.0,   6.0, 9711301., .5604,   0.0, .1667
  0.0,   1.0,   0.0,   6.0,   6.0, 9711241., .6857,   0.0, .3333
  0.0,   1.0,   0.0,   6.0,   6.0, 9706921., .4954,   0.0,   0.5
  0.0,   1.0,   0.0,   6.0,   6.0, 9706320., .4775,   0.0,   0.5
  0.0,   1.0,   0.0,   6.0,   6.0, 9700260., .6562,   0.0,   0.5
  0.0,   1.0,   0.0,   6.0,   6.0, 9697080., .6463,   0.0, .1667
  0.0,   1.0,   0.0,   6.0,   6.0, 9695581., .4053,   0.0,   0.0
  0.0,   1.0,   0.0,   6.0,   6.0, 9694140., .6562,   0.0, .3333
  0.0,   1.0,   0.0,   6.0,   6.0, 9689761., .4775,   0.0, .6667
  0.0,   1.0,   0.0,   6.0,   6.0, 9689281., .6562,   0.0, .1667
  0.0,   1.0,   0.0,   6.0,   6.0, 9688200., .5022,   0.0, .6667
  0.0,   1.0,   0.0,   6.0,   6.0, 9684960., .4775,   0.0, .6667
  0.0,   1.0,   0.0,   6.0,   6.0, 9681840., .4954,   0.0,   0.5
  0.0,   1.0,   0.0,   6.0,   6.0, 9639480., .6562,   0.0,   0.5
  0.0,   1.0,   0.0,   6.0,   6.0, 9613500., .5136,   0.0,   0.5
  0.0,   1.0,   0.0,   6.0,   6.0, 9609541., .6562,   0.0, .3333
  0.0,   1.0,   0.0,   6.0,   6.0, 9606901., .4596,   0.0,   0.5
  0.0,   1.0,   0.0,   6.0,   6.0, 9552840., .6562,   0.0, .1667
  0.0,   1.0,   0.0,   6.0,   6.0, 9518520., .6662,   0.0, .3333
  0.0,   1.0,   0.0,   6.0,   6.0, 9509461., .5136,   0.0,   0.5
  0.0,   1.0,   0.0,   6.0,   6.0, 9507181., .4775,   0.0, .1667
  0.0,   1.0,   0.0,   6.0,   6.0, 9505740., .6857,   0.0, .6667
  0.0,   1.0,   0.0,   6.0,   6.0, 9454321., .3674,   0.0, .8333
  0.0,   1.0,   0.0,   6.0,   6.0, 9443400., .6562,   0.0, .3333
  0.0,   1.0,   0.0,   6.0,   6.0, 9439681., .2994,   0.0, .6667
  0.0,   1.0,   0.0,   6.0,   6.0, 9439620., .6857,   0.0,   0.5
  0.0,   1.0,   0.0,   6.0,   6.0, 9439320., .6515,   0.0, .3333
  0.0,   1.0,   0.0,   6.0,   6.0, 9436260., .4775,   0.0,   0.5
  0.0,   1.0,   0.0,   6.0,   6.0, 9436020., -.093,   0.0, .8333
  0.0,   1.0,   0.0,   6.0,   6.0, 9432061., .5136,   0.0, .3333
  0.0,   1.0,   0.0,   6.0,   6.0, 9429600., .6562,   0.0, .3333
  0.0,   1.0,   0.0,   6.0,   6.0, 9429061., .6562,   0.0, .1667
  0.0,   1.0,   0.0,   6.0,   6.0, 9423960., .5718,   0.0, .3333
  0.0,   1.0,   0.0,   6.0,   6.0, 9423481., 0.634,   0.0, .3333
  0.0,   1.0,   0.0,   6.0,   6.0, 9421800., .6839,   0.0,   0.5
  0.0,   1.0,   0.0,   6.0,   6.0, 9377640., .4775,   0.0,   0.5
  0.0,   1.0,   0.0,   6.0,   6.0, 9373920., .6562,   0.0,   0.5
  0.0,   1.0,   0.0,   6.0,   6.0, 9362820., .4024,   0.0,   0.5
  0.0,   1.0,   0.0,   6.0,   6.0, 9358321., .6562,   0.0,   0.5
  0.0,   1.0,   0.0,   6.0,   6.0, 9356820., .5981,   0.0,   0.5
  0.0,   1.0,   0.0,   6.0,   6.0, 9347281., .6515,   0.0, .3333
  0.0,   1.0,   0.0,   6.0,   6.0, 9343020., .6463,   0.0, .3333
  0.0,   1.0,   0.0,   6.0,   6.0, 9342180., .4756,   0.0, .1667
  0.0,   1.0,   0.0,   6.0,   6.0, 9337080., .4775,   0.0, .3333
  0.0,   1.0,   0.0,   6.0,   6.0, 9279601., .5136,   0.0, .3333
  0.0,   1.0,   0.0,   6.0,   6.0, 9275641., .4775,   0.0, .1667
  0.0,   1.0,   0.0,   6.0,   6.0, 9273421., 0.673,   0.0,   0.5
  0.0,   1.0,   0.0,   6.0,   6.0, 9271860., .0594,   0.0, .6667
  0.0,   1.0,   0.0,   6.0,   6.0, 9266940., .0594,   0.0, .1667
  0.0,   1.0,   0.0,   6.0,   6.0, 9260101., .6515,   0.0, .3333
  0.0,   1.0,   0.0,   6.0,   6.0, 9255720., .5718,   0.0, .3333
  0.0,   1.0,   0.0,   6.0,   6.0, 9251040., .5765,   0.0, .1667
  0.0,   1.0,   0.0,   6.0,   6.0, 9190681., .4775,   0.0, .3333
  0.0,   1.0,   0.0,   6.0,   6.0, 9190081., .5742,   0.0, .8333
  0.0,   1.0,   0.0,   6.0,   6.0, 9174540., .3489,   0.0, .3333
  0.0,   1.0,   0.0,   6.0,   6.0, 9167460., .4775,   0.0,   0.5
  0.0,   1.0,   0.0,   6.0,   6.0, 9164220., 0.294,   0.0, .6667
  0.0,   1.0,   0.0,   6.0,   6.0, 9162300., .1588,   0.0,   0.0
  0.0,   1.0,   0.0,   6.0,   6.0, 9162120., .6463,   0.0, .1667
  0.0,   1.0,   0.0,   6.0,   6.0, 9095040., .6515,   0.0, .3333
  0.0,   1.0,   0.0,   6.0,   6.0, 9090360., .4705,   0.0, .1667
  0.0,   1.0,   0.0,   6.0,   6.0, 9087301., .5981,   0.0, .3333
  0.0,   1.0,   0.0,   6.0,   6.0, 9075720., 0.634,   0.0, .6667
  0.0,   1.0,   0.0,   6.0,   6.0, 9073800., .3522,   0.0, .1667
  0.0,   1.0,   0.0,   6.0,   6.0, 9048481., .3674,   0.0,   0.5
  0.0,   1.0,   0.0,   6.0,   6.0, 9036781., 0.673,   0.0, .3333
  0.0,   1.0,   0.0,   6.0,   6.0, 9031140., 0.393,   0.0,   0.5
  0.0,   1.0,   0.0,   6.0,   6.0, 9008100., .4034,   0.0, .3333
  0.0,   1.0,   0.0,   6.0,   6.0, 9006841., .2962,   0.0, .3333
  0.0,   1.0,   0.0,   6.0,   6.0, 9004680., .6463,   0.0, .1667
  0.0,   1.0,   0.0,   6.0,   6.0, 8995741., .5981,   0.0, .1667
  0.0,   1.0,   0.0,   6.0,   6.0, 8994901., .6562,   0.0, .1667
  0.0,   1.0,   0.0,   6.0,   6.0, 8994541., .6706,   0.0, .3333
  0.0,   1.0,   0.0,   6.0,   6.0, 8993760., .6044,   0.0, .6667
  0.0,   1.0,   0.0,   6.0,   6.0, 8987520., .6645,   0.0, .3333
  0.0,   1.0,   0.0,   6.0,   6.0, 8935140., .3261,   0.0, .3333
  0.0,   1.0,   0.0,   6.0,   6.0, 8926921., .6562,   0.0, .1667
  0.0,   1.0,   0.0,   6.0,   6.0, 8921161., .5981,   0.0, .3333
  0.0,   1.0,   0.0,   6.0,   6.0, 8918760., .2701,   0.0, .3333
  0.0,   1.0,   0.0,   6.0,   6.0, 8914440., .4972,   0.0, .1667
  0.0,   1.0,   0.0,   6.0,   6.0, 8911080., .5718,   0.0, .3333
  0.0,   1.0,   0.0,   6.0,   6.0, 8859600., .6839,   0.0, .3333
  0.0,   1.0,   0.0,   6.0,   6.0, 8852641., .1515,   0.0, .3333
  0.0,   1.0,   0.0,   6.0,   6.0, 8841600., .5981,   0.0, .3333
  0.0,   1.0,   0.0,   6.0,   6.0, 8834881., .6562,   0.0, .6667
  0.0,   1.0,   0.0,   6.0,   6.0, 8828881., .6515,   0.0, .3333
  0.0,   1.0,   0.0,   6.0,   6.0, 8825220., .6515,   0.0, .1667
  0.0,   1.0,   0.0,   6.0,   6.0, 8823541., .6645,   0.0, .6667
  0.0,   1.0,   0.0,   6.0,   6.0, 8818980., .4034,   0.0, .1667
  0.0,   1.0,   0.0,   6.0,   6.0, 8814840., .6515,   0.0,   0.5
  0.0,   1.0,   0.0,   6.0,   6.0, 8760181., .5644,   0.0, .1667
  0.0,   1.0,   0.0,   6.0,   6.0, 8755200., .5644,   0.0, .3333
  0.0,   1.0,   0.0,   6.0,   6.0, 8748000., .6562,   0.0, .3333
  0.0,   1.0,   0.0,   6.0,   6.0, 8746380., .4034,   0.0, .3333
  0.0,   1.0,   0.0,   6.0,   6.0, 8745121., .3522,   0.0, .6667
  0.0,   1.0,   0.0,   6.0,   6.0, 8744581., .6515,   0.0,   0.5
  0.0,   1.0,   0.0,   6.0,   6.0, 8741281., .4705,   0.0,   0.5
  0.0,   1.0,   0.0,   6.0,   6.0, 8738940., .3261,   0.0, .3333
  0.0,   1.0,   0.0,   6.0,   6.0, 8738461., .4034,   0.0, .1667
  0.0,   1.0,   0.0,   6.0,   6.0, 8738100., .4034,   0.0, .3333
  0.0,   1.0,   0.0,   6.0,   6.0, 8738040., .3674,   0.0,   0.5
  0.0,   1.0,   0.0,   6.0,   6.0, 8737261., .5136,   0.0,   0.5
  0.0,   1.0,   0.0,   6.0,   6.0, 8735100., .6787,   0.0,   0.5
  0.0,   1.0,   0.0,   6.0,   6.0, 8734621., .0385,   0.0, .3333
  0.0,   1.0,   0.0,   6.0,   6.0, 8669880., .6706,   0.0, .3333
  0.0,   1.0,   0.0,   6.0,   6.0, 8666460., .5136,   0.0, .1667
  0.0,   1.0,   0.0,   6.0,   6.0, 8664481., .6562,   0.0, .1667
  0.0,   1.0,   0.0,   6.0,   6.0, 8657760., .4705,   0.0, .3333
  0.0,   1.0,   0.0,   6.0,   6.0, 8654160., .4956,   0.0, .6667
  0.0,   1.0,   0.0,   6.0,   6.0, 8651280., .4956,   0.0,   0.5
  0.0,   1.0,   0.0,   6.0,   6.0, 8650380., .6515,   0.0, .1667
  0.0,   1.0,   0.0,   6.0,   6.0, 8648941., .6836,   0.0, .1667
  0.0,   1.0,   0.0,   6.0,   6.0, 8648580., .6562,   0.0,   0.5
  0.0,   1.0,   0.0,   6.0,   6.0, 8646301., .3674,   0.0,   0.5
  0.0,   1.0,   0.0,   6.0,   6.0, 8642161., .0385,   0.0,   0.5
  0.0,   1.0,   0.0,   6.0,   6.0, 8641561., .2451,   0.0,   0.5
  0.0,   1.0,   0.0,   6.0,   6.0, 8640001., .4956,   0.0, .8333
  0.0,   1.0,   0.0,   6.0,   6.0, 8598901., .5568,   0.0, .3333
  0.0,   1.0,   0.0,   6.0,   6.0, 8596500., .6562,   0.0, .3333
  0.0,   1.0,   0.0,   6.0,   6.0, 8584380., .1419,   0.0, .3333
  0.0,   1.0,   0.0,   6.0,   6.0, 8583780., .2962,   0.0,   0.5
  0.0,   1.0,   0.0,   6.0,   6.0, 8580481., .6562,   0.0, .1667
  0.0,   1.0,   0.0,   6.0,   6.0, 8575321., .6562,   0.0, .1667
  0.0,   1.0,   0.0,   6.0,   6.0, 8571000., .5981,   0.0,   0.5
  0.0,   1.0,   0.0,   6.0,   6.0, 8569500., 0.563,   0.0, .3333
  0.0,   1.0,   0.0,   6.0,   6.0, 8566500., .5718,   0.0, .1667
  0.0,   1.0,   0.0,   6.0,   6.0, 8519641., -.074,   0.0, .3333
  0.0,   1.0,   0.0,   6.0,   6.0, 8511180., .4705,   0.0, .1667
  0.0,   1.0,   0.0,   6.0,   6.0, 8496360., .2248,   0.0, .3333
  0.0,   1.0,   0.0,   6.0,   6.0, 8486580., .5981,   0.0,   0.5
  0.0,   1.0,   0.0,   6.0,   6.0, 8486041., .5097,   0.0, .1667
  0.0,   1.0,   0.0,   6.0,   6.0, 8482500., .3204,   0.0,   0.5
  0.0,   1.0,   0.0,   6.0,   6.0, 8482140., .4775,   0.0,   0.0
  0.0,   1.0,   0.0,   6.0,   6.0, 8441581., .5718,   0.0, .6667
  0.0,   1.0,   0.0,   6.0,   6.0, 8418181., .6562,   0.0, .1667
  0.0,   1.0,   0.0,   6.0,   6.0, 8414760., .6562,   0.0, .3333
  0.0,   1.0,   0.0,   6.0,   6.0, 8412121., .6515,   0.0, .3333
  0.0,   1.0,   0.0,   6.0,   6.0, 8406601., .6562,   0.0,   0.0
  0.0,   1.0,   0.0,   6.0,   6.0, 8399700., .6562,   0.0, .8333
  0.0,   1.0,   0.0,   6.0,   6.0, 8396580., .6562,   0.0,   0.0
  0.0,   1.0,   0.0,   6.0,   6.0, 8391120., -.074,   0.0,   0.5
  0.0,   1.0,   0.0,   6.0,   6.0, 8388900., .6839,   0.0, .6667
  0.0,   1.0,   0.0,   6.0,   6.0, 8388600., .4775,   0.0, .3333
  0.0,   1.0,   0.0,   6.0,   6.0, 8387640., .6787,   0.0,   0.5
  0.0,   1.0,   0.0,   6.0,   6.0, 8315640., .3674,   0.0, .6667
  0.0,   1.0,   0.0,   6.0,   6.0, 8314620., .6787,   0.0,   0.5
  0.0,   1.0,   0.0,   6.0,   6.0, 8311200., .5374,   0.0, .3333
  0.0,   1.0,   0.0,   6.0,   6.0, 8305140., .4775,   0.0, .3333
  0.0,   1.0,   0.0,   6.0,   6.0, 8298060., -0.02,   0.0, .8333
  0.0,   1.0,   0.0,   6.0,   6.0, 8254860., .5469,   0.0,   0.5
  0.0,   1.0,   0.0,   6.0,   6.0, 8239020., .4775,   0.0, .1667
  0.0,   1.0,   0.0,   6.0,   6.0, 8238120., .0973,   0.0, .8333
  0.0,   1.0,   0.0,   6.0,   6.0, 8232660., .6787,   0.0, .1667
  0.0,   1.0,   0.0,   6.0,   6.0, 8231520., .4775,   0.0,   0.5
  0.0,   1.0,   0.0,   6.0,   6.0, 8230320., -.004,   0.0,   0.5
  0.0,   1.0,   0.0,   6.0,   6.0, 8224500., .6787,   0.0,   0.5
  0.0,   1.0,   0.0,   6.0,   6.0, 8223600., .4778,   0.0,   0.5
  0.0,   1.0,   0.0,   6.0,   6.0, 8222460., -.034,   0.0, .3333
  0.0,   1.0,   0.0,   6.0,   6.0, 8222221., .6562,   0.0, .1667
  0.0,   1.0,   0.0,   6.0,   6.0, 8218860., -.004,   0.0, .6667
  0.0,   1.0,   0.0,   6.0,   6.0, 8152980., .5882,   0.0,   0.5
  0.0,   1.0,   0.0,   6.0,   6.0, 8152740., .5022,   0.0,   0.5
  0.0,   1.0,   0.0,   6.0,   6.0, 8149440., .2962,   0.0, .3333
  0.0,   1.0,   0.0,   6.0,   6.0, 8145180., .6463,   0.0,   0.5
  0.0,   1.0,   0.0,   6.0,   6.0, 8144220., .4775,   0.0, .3333
  0.0,   1.0,   0.0,   6.0,   6.0, 8140560., .5981,   0.0, .3333
  0.0,   1.0,   0.0,   6.0,   6.0, 8137980., .4775,   0.0, .3333
  0.0,   1.0,   0.0,   6.0,   6.0, 8135760., .6562,   0.0, .1667
  0.0,   1.0,   0.0,   6.0,   6.0, 8134680., 0.378,   0.0, .6667
  0.0,   1.0,   0.0,   6.0,   6.0, 8134140., .5981,   0.0, .3333
  0.0,   1.0,   0.0,   6.0,   6.0, 8132640., .5981,   0.0, .1667
  0.0,   1.0,   0.0,   6.0,   6.0, 8131320., -.005,   0.0,   0.5
  0.0,   1.0,   0.0,   6.0,   6.0, 8126220., .1871,   0.0, .3333
  0.0,   1.0,   0.0,   6.0,   6.0, 8125980., .6857,   0.0, .6667
  0.0,   1.0,   0.0,   6.0,   6.0, 8071380., .6515,   0.0, .1667
  0.0,   1.0,   0.0,   6.0,   6.0, 8047860., -.039,   0.0, .3333
  0.0,   1.0,   0.0,   6.0,   6.0, 8047800., 0.463,   0.0, .1667
  0.0,   1.0,   0.0,   6.0,   6.0, 8044680., .5994,   0.0, .3333
  0.0,   1.0,   0.0,   6.0,   6.0, 8040600., .5994,   0.0,   0.5
  0.0,   1.0,   0.0,   6.0,   6.0, 8039160., .0337,   0.0, .6667
  0.0,   1.0,   0.0,   6.0,   6.0, 8038800., .6515,   0.0, .3333
  0.0,   1.0,   0.0,   6.0,   6.0, 7981800., .5718,   0.0,   0.5
  0.0,   1.0,   0.0,   6.0,   6.0, 7967460., .5568,   0.0, .6667
  0.0,   1.0,   0.0,   6.0,   6.0, 7965600., .5361,   0.0,   0.5
  0.0,   1.0,   0.0,   6.0,   6.0, 7965060., 0.563,   0.0,   0.5
  0.0,   1.0,   0.0,   6.0,   6.0, 7963980., .6562,   0.0, .1667
  0.0,   1.0,   0.0,   6.0,   6.0, 7962301., .5981,   0.0, .1667
  0.0,   1.0,   0.0,   6.0,   6.0, 7959780., .3122,   0.0, .6667
  0.0,   1.0,   0.0,   6.0,   6.0, 7959600., .6857,   0.0, .1667
  0.0,   1.0,   0.0,   6.0,   6.0, 7955940., .2994,   0.0, .3333
  0.0,   1.0,   0.0,   6.0,   6.0, 7954200., .4775,   0.0,   0.5
  0.0,   1.0,   0.0,   6.0,   6.0, 7886520., .2962,   0.0, .1667
  0.0,   1.0,   0.0,   6.0,   6.0, 7880940., .3122,   0.0, .3333
  0.0,   1.0,   0.0,   6.0,   6.0, 7880340., .6465,   0.0,   0.5
  0.0,   1.0,   0.0,   6.0,   6.0, 7879620., .5981,   0.0, .6667
  0.0,   1.0,   0.0,   6.0,   6.0, 7873740., .3674,   0.0, .6667
  0.0,   1.0,   0.0,   6.0,   6.0, 7873620., .6562,   0.0, .3333
  0.0,   1.0,   0.0,   6.0,   6.0, 7872660., -.311,   0.0,   0.5
  0.0,   1.0,   0.0,   6.0,   6.0, 7871521., .6562,   0.0, .1667
  0.0,   1.0,   0.0,   6.0,   6.0, 7814221., .6836,   0.0, .3333
  0.0,   1.0,   0.0,   6.0,   6.0, 7803420., .3674,   0.0, .3333
  0.0,   1.0,   0.0,   6.0,   6.0, 7800721., .6857,   0.0, .1667
  0.0,   1.0,   0.0,   6.0,   6.0, 7788360., .6562,   0.0,   0.0
  0.0,   1.0,   0.0,   6.0,   6.0, 7784220., .3435,   0.0, .3333
  0.0,   1.0,   0.0,   6.0,   6.0, 7782120., -.074,   0.0, .3333
  0.0,   1.0,   0.0,   6.0,   6.0, 7781400., .6515,   0.0, .6667
  0.0,   1.0,   0.0,   6.0,   6.0, 7728060., .6515,   0.0, .3333
  0.0,   1.0,   0.0,   6.0,   6.0, 7715040., .1419,   0.0, .6667
  0.0,   1.0,   0.0,   6.0,   6.0, 7710841., .4775,   0.0,   0.5
  0.0,   1.0,   0.0,   6.0,   6.0, 7710000., .3352,   0.0,   0.5
  0.0,   1.0,   0.0,   6.0,   6.0, 7708500., .3572,   0.0, .6667
  0.0,   1.0,   0.0,   6.0,   6.0, 7707900., .6836,   0.0,   0.0
  0.0,   1.0,   0.0,   6.0,   6.0, 7704060., .6205,   0.0, .6667
  0.0,   1.0,   0.0,   6.0,   6.0, 7701060., .6515,   0.0, .6667
  0.0,   1.0,   0.0,   6.0,   6.0, 7696320., .1991,   0.0, .3333
  0.0,   1.0,   0.0,   6.0,   6.0, 7645740., .2623,   0.0,   0.0
  0.0,   1.0,   0.0,   6.0,   6.0, 7642981., .3674,   0.0, .3333
  0.0,   1.0,   0.0,   6.0,   6.0, 7637340., .3293,   0.0, .3333
  0.0,   1.0,   0.0,   6.0,   6.0, 7630320., .4775,   0.0,   0.5
  0.0,   1.0,   0.0,   6.0,   6.0, 7627320., .5981,   0.0, .3333
  0.0,   1.0,   0.0,   6.0,   6.0, 7626900., .5718,   0.0, .6667
  0.0,   1.0,   0.0,   6.0,   6.0, 7621080., .0916,   0.0,   0.0
  0.0,   1.0,   0.0,   6.0,   6.0, 7620060., .5193,   0.0, .3333
  0.0,   1.0,   0.0,   6.0,   6.0, 7619220., .5765,   0.0, .1667
  0.0,   1.0,   0.0,   6.0,   6.0, 7617060., .6515,   0.0, .3333
  0.0,   1.0,   0.0,   6.0,   6.0, 7615920., .2962,   0.0, .3333
  0.0,   1.0,   0.0,   6.0,   6.0, 7613581., .4705,   0.0, .3333
  0.0,   1.0,   0.0,   6.0,   6.0, 7613341.,   0.0,   0.0,   0.0
  0.0,   1.0,   0.0,   6.0,   6.0, 7609260., .4495,   0.0, .3333
  0.0,   1.0,   0.0,   6.0,   6.0, 7608660., 0.171,   0.0, .3333
  0.0,   1.0,   0.0,   6.0,   6.0, 7608060., .3871,   0.0, .6667
  0.0,   1.0,   0.0,   6.0,   6.0, 7607940., .3344,   0.0, .3333
  0.0,   1.0,   0.0,   6.0,   6.0, 7605180., .5184,   0.0, .1667
  0.0,   1.0,   0.0,   6.0,   6.0, 7572240., 0.415,   0.0, .1667
  0.0,   1.0,   0.0,   6.0,   6.0, 7550400., 0.171,   0.0, .6667
  0.0,   1.0,   0.0,   6.0,   6.0, 7542360., .3674,   0.0, .6667
  0.0,   1.0,   0.0,   6.0,   6.0, 7537620., .6463,   0.0, .6667
  0.0,   1.0,   0.0,   6.0,   6.0, 7535220., .4775,   0.0, .3333
  0.0,   1.0,   0.0,   6.0,   6.0, 7533420., .6836,   0.0,   0.5
  0.0,   1.0,   0.0,   6.0,   6.0, 7533180., .6515,   0.0, .1667
  0.0,   1.0,   0.0,   6.0,   6.0, 7532820., .4286,   0.0,   0.5
  0.0,   1.0,   0.0,   6.0,   6.0, 7529700., .3317,   0.0, .6667
  0.0,   1.0,   0.0,   6.0,   6.0, 7525560., .5672,   0.0,   0.5
  0.0,   1.0,   0.0,   6.0,   6.0, 7522860., .6836,   0.0, .6667
  0.0,   1.0,   0.0,   6.0,   6.0, 7480380., .4775,   0.0,   0.5
  0.0,   1.0,   0.0,   6.0,   6.0, 7462140., 0.415,   0.0, .1667
  0.0,   1.0,   0.0,   6.0,   6.0, 7460460., .5718,   0.0, .3333
  0.0,   1.0,   0.0,   6.0,   6.0, 7456800., .3871,   0.0,   0.5
  0.0,   1.0,   0.0,   6.0,   6.0, 7454160., .4775,   0.0, .1667
  0.0,   1.0,   0.0,   6.0,   6.0, 7450500., .6662,   0.0, .3333
  0.0,   1.0,   0.0,   6.0,   6.0, 7446600., .0603,   0.0,   0.5
  0.0,   1.0,   0.0,   6.0,   6.0, 7443900., .5105,   0.0,   0.5
  0.0,   1.0,   0.0,   6.0,   6.0, 7442460., 0.415,   0.0, .6667
  0.0,   1.0,   0.0,   6.0,   6.0, 7440600., .6515,   0.0, .1667
  0.0,   1.0,   0.0,   6.0,   6.0, 7437660., .0242,   0.0,   0.5
  0.0,   1.0,   0.0,   6.0,   6.0, 7432200., .6551,   0.0, .3333
  0.0,   1.0,   0.0,   6.0,   6.0, 7380180., .6515,   0.0,   0.5
  0.0,   1.0,   0.0,   6.0,   6.0, 7366141.,   0.0,   0.0,   0.0
  0.0,   1.0,   0.0,   6.0,   6.0, 7364400., .3435,   0.0, .8333
  0.0,   1.0,   0.0,   6.0,   6.0, 7360800., .6305,   0.0,   0.5
  0.0,   1.0,   0.0,   6.0,   6.0, 7360140., .5189,   0.0,   0.5
  0.0,   1.0,   0.0,   6.0,   6.0, 7356780., .6892,   0.0,   0.5
  0.0,   1.0,   0.0,   6.0,   6.0, 7355220., .6152,   0.0, .6667
  0.0,   1.0,   0.0,   6.0,   6.0, 7353660., 0.393,   0.0, .6667
  0.0,   1.0,   0.0,   6.0,   6.0, 7350540., .6463,   0.0,   0.5
  0.0,   1.0,   0.0,   6.0,   6.0, 7344960., .6515,   0.0, .3333
  0.0,   1.0,   0.0,   6.0,   6.0, 7300680., -.393,   0.0, .6667
  0.0,   1.0,   0.0,   6.0,   6.0, 7291260., 0.171,   0.0,   0.5
  0.0,   1.0,   0.0,   6.0,   6.0, 7282020., 0.686,   0.0, .1667
  0.0,   1.0,   0.0,   6.0,   6.0, 7280280., .6836,   0.0,   0.5
  0.0,   1.0,   0.0,   6.0,   6.0, 7277880., .5189,   0.0, .3333
  0.0,   1.0,   0.0,   6.0,   6.0, 7276440., .4705,   0.0, .1667
  0.0,   1.0,   0.0,   6.0,   6.0, 7273200., .3674,   0.0, .3333
  0.0,   1.0,   0.0,   6.0,   6.0, 7271461., 0.323,   0.0,   0.5
  0.0,   1.0,   0.0,   6.0,   6.0, 7268220., .6515,   0.0, .1667
  0.0,   1.0,   0.0,   6.0,   6.0, 7268040., .6836,   0.0, .3333
  0.0,   1.0,   0.0,   6.0,   6.0, 7263660., .6535,   0.0,   0.5
  0.0,   1.0,   0.0,   6.0,   6.0, 7261200., .6515,   0.0, .1667
  0.0,   1.0,   0.0,   6.0,   6.0, 7260060., .6836,   0.0, .1667
  0.0,   1.0,   0.0,   6.0,   6.0, 7260000., 0.686,   0.0,   0.5
  0.0,   1.0,   0.0,   6.0,   6.0, 7229640., .5839,   0.0, .1667
  0.0,   1.0,   0.0,   6.0,   6.0, 7225740., .4775,   0.0, .3333
  0.0,   1.0,   0.0,   6.0,   6.0, 7203900., 0.657,   0.0, .1667
  0.0,   1.0,   0.0,   6.0,   6.0, 7194420., 0.176,   0.0, .6667
  0.0,   1.0,   0.0,   6.0,   6.0, 7194240., .6297,   0.0, .6667
  0.0,   1.0,   0.0,   6.0,   6.0, 7185180., .4383,   0.0, .1667
  0.0,   1.0,   0.0,   6.0,   6.0, 7183260., .4775,   0.0, .1667
  0.0,   1.0,   0.0,   6.0,   6.0, 7177980., .6535,   0.0,   0.5
  0.0,   1.0,   0.0,   6.0,   6.0, 7142460., .3237,   0.0, .3333
  0.0,   1.0,   0.0,   6.0,   6.0, 7128900., .2248,   0.0,   0.5
  0.0,   1.0,   0.0,   6.0,   6.0, 7124461., .0412,   0.0,   0.5
  0.0,   1.0,   0.0,   6.0,   6.0, 7107960., .5022,   0.0,   0.5
  0.0,   1.0,   0.0,   6.0,   6.0, 7107841., -1.05,   0.0, .1667
  0.0,   1.0,   0.0,   6.0,   6.0, 7107780., .1419,   0.0,   0.5
  0.0,   1.0,   0.0,   6.0,   6.0, 7107000., .2962,   0.0,   0.5
  0.0,   1.0,   0.0,   6.0,   6.0, 7103940., .6857,   0.0, .3333
  0.0,   1.0,   0.0,   6.0,   6.0, 7099320., .2623,   0.0,   0.5
  0.0,   1.0,   0.0,   6.0,   6.0, 7099080., .5361,   0.0, .8333
  0.0,   1.0,   0.0,   6.0,   6.0, 7098780., .6706,   0.0, .1667
  0.0,   1.0,   0.0,   6.0,   6.0, 7095300., .5718,   0.0, .6667
  0.0,   1.0,   0.0,   6.0,   6.0, 7094940., .6515,   0.0, .1667
  0.0,   1.0,   0.0,   6.0,   6.0, 7092600., .5981,   0.0, .3333
  0.0,   1.0,   0.0,   6.0,   6.0, 7089360., .6706,   0.0, .1667
  0.0,   1.0,   0.0,   6.0,   6.0, 7087620., .5981,   0.0,   0.5
  0.0,   1.0,   0.0,   6.0,   6.0, 7030980., .6562,   0.0, .6667
  0.0,   1.0,   0.0,   6.0,   6.0, 7030260., .6489,   0.0, .8333
  0.0,   1.0,   0.0,   6.0,   6.0, 7026120., .3109,   0.0, .3333
  0.0,   1.0,   0.0,   6.0,   6.0, 7025280., .5765,   0.0, .3333
  0.0,   1.0,   0.0,   6.0,   6.0, 7022461., .3871,   0.0,   0.5
  0.0,   1.0,   0.0,   6.0,   6.0, 7020540., .6857,   0.0,   0.5
  0.0,   1.0,   0.0,   6.0,   6.0, 7018560., .1153,   0.0, .6667
  0.0,   1.0,   0.0,   6.0,   6.0, 7015980., .4024,   0.0, .6667
  0.0,   1.0,   0.0,   6.0,   6.0, 7012261., .6562,   0.0, .1667
  0.0,   1.0,   0.0,   6.0,   6.0, 7003080., .5136,   0.0,   0.5
  0.0,   1.0,   0.0,   6.0,   6.0, 7002600., .2962,   0.0, .3333
  0.0,   1.0,   0.0,   6.0,   6.0, 7000740., .6706,   0.0,   0.5
  0.0,   1.0,   0.0,   6.0,   6.0, 6936420., .3674,   0.0, .6667
  0.0,   1.0,   0.0,   6.0,   6.0, 6929221., .1419,   0.0, .1667
  0.0,   1.0,   0.0,   6.0,   6.0, 6929160., .4775,   0.0, .3333
  0.0,   1.0,   0.0,   6.0,   6.0, 6922500., .6562,   0.0, .1667
  0.0,   1.0,   0.0,   6.0,   6.0, 6915301., .6862,   0.0, .1667
  0.0,   1.0,   0.0,   6.0,   6.0, 6864300., .6562,   0.0, .1667
  0.0,   1.0,   0.0,   6.0,   6.0, 6846360., .6523,   0.0, .6667
  0.0,   1.0,   0.0,   6.0,   6.0, 6844080., .4705,   0.0,   0.0
  0.0,   1.0,   0.0,   6.0,   6.0, 6843900., .6562,   0.0,   0.0
  0.0,   1.0,   0.0,   6.0,   6.0, 6843240., .6515,   0.0, .6667
  0.0,   1.0,   0.0,   6.0,   6.0, 6842640., .6862,   0.0, .8333
  0.0,   1.0,   0.0,   6.0,   6.0, 6837060., .6515,   0.0, .1667
  0.0,   1.0,   0.0,   6.0,   6.0, 6809881.,   0.0,   0.0,   0.0
  0.0,   1.0,   0.0,   6.0,   6.0, 6794161., .6562,   0.0,   0.0
  0.0,   1.0,   0.0,   6.0,   6.0, 6788040., .4775,   0.0, .3333
  0.0,   1.0,   0.0,   6.0,   6.0, 6783180., .4513,   0.0, .6667
  0.0,   1.0,   0.0,   6.0,   6.0, 6774120., .5672,   0.0,   0.5
  0.0,   1.0,   0.0,   6.0,   6.0, 6771780., .6562,   0.0, .3333
  0.0,   1.0,   0.0,   6.0,   6.0, 6759720., .6706,   0.0, .6667
  0.0,   1.0,   0.0,   6.0,   6.0, 6758280., -.258,   0.0,   0.5
  0.0,   1.0,   0.0,   6.0,   6.0, 6751740., 0.171,   0.0,   0.5
  0.0,   1.0,   0.0,   6.0,   6.0, 6745800., .5718,   0.0, .1667
  0.0,   1.0,   0.0,   6.0,   6.0, 6741120., .5981,   0.0,   0.5
  0.0,   1.0,   0.0,   6.0,   6.0, 6711600., .2962,   0.0, .3333
  0.0,   1.0,   0.0,   6.0,   6.0, 6706800., .4014,   0.0, .6667
  0.0,   1.0,   0.0,   6.0,   6.0, 6685020., .1139,   0.0, .1667
  0.0,   1.0,   0.0,   6.0,   6.0, 6675660., .2248,   0.0, .8333
  0.0,   1.0,   0.0,   6.0,   6.0, 6674400., .4126,   0.0, .6667
  0.0,   1.0,   0.0,   6.0,   6.0, 6669360., .5718,   0.0, .3333
  0.0,   1.0,   0.0,   6.0,   6.0, 6669120., .2248,   0.0, .3333
  0.0,   1.0,   0.0,   6.0,   6.0, 6668880., .6562,   0.0, .1667
  0.0,   1.0,   0.0,   6.0,   6.0, 6666060., .6515,   0.0,   0.5
  0.0,   1.0,   0.0,   6.0,   6.0, 6662640., .6839,   0.0,   0.5
  0.0,   1.0,   0.0,   6.0,   6.0, 6660180., 0.225,   0.0,   0.5
  0.0,   1.0,   0.0,   6.0,   6.0, 6656640., .6562,   0.0, .3333
  0.0,   1.0,   0.0,   6.0,   6.0, 6625620., .3674,   0.0, .3333
  0.0,   1.0,   0.0,   6.0,   6.0, 6590220., .3674,   0.0,   0.5
  0.0,   1.0,   0.0,   6.0,   6.0, 6588180., -.287,   0.0, .3333
  0.0,   1.0,   0.0,   6.0,   6.0, 6588060., 0.686,   0.0, .1667
  0.0,   1.0,   0.0,   6.0,   6.0, 6587640., .5718,   0.0, .3333
  0.0,   1.0,   0.0,   6.0,   6.0, 6585300., .4705,   0.0, .6667
  0.0,   1.0,   0.0,   6.0,   6.0, 6585060., .5056,   0.0, .8333
  0.0,   1.0,   0.0,   6.0,   6.0, 6579960., .6205,   0.0, .3333
  0.0,   1.0,   0.0,   6.0,   6.0, 6578280., -.393,   0.0, .3333
  0.0,   1.0,   0.0,   6.0,   6.0, 6577680., .5981,   0.0, .3333
  0.0,   1.0,   0.0,   6.0,   6.0, 6569700., .6662,   0.0, .6667
  0.0,   1.0,   0.0,   6.0,   6.0, 6567360., .6515,   0.0, .3333
  0.0,   1.0,   0.0,   6.0,   6.0, 6525060., .3674,   0.0, .3333
  0.0,   1.0,   0.0,   6.0,   6.0, 6514500., .5718,   0.0, .3333
  0.0,   1.0,   0.0,   6.0,   6.0, 6509040., .6152,   0.0, .1667
  0.0,   1.0,   0.0,   6.0,   6.0, 6502201., .6579,   0.0,   0.5
  0.0,   1.0,   0.0,   6.0,   6.0, 6501481., -.677,   0.0, .6667
  0.0,   1.0,   0.0,   6.0,   6.0, 6496800., .6706,   0.0, .1667
  0.0,   1.0,   0.0,   6.0,   6.0, 6494400., .6562,   0.0, .3333
  0.0,   1.0,   0.0,   6.0,   6.0, 6492901., -.217,   0.0, .6667
  0.0,   1.0,   0.0,   6.0,   6.0, 6487502.,   0.0,   0.0,   0.0
  0.0,   1.0,   0.0,   6.0,   6.0, 6440640., .4775,   0.0, .3333
  0.0,   1.0,   0.0,   6.0,   6.0, 6427800., .4778,   0.0, .8333
  0.0,   1.0,   0.0,   6.0,   6.0, 6424920., .5198,   0.0, .6667
  0.0,   1.0,   0.0,   6.0,   6.0, 6422640., .5022,   0.0, .3333
  0.0,   1.0,   0.0,   6.0,   6.0, 6414900., .5718,   0.0, .3333
  0.0,   1.0,   0.0,   6.0,   6.0, 6406080., .6857,   0.0, .3333
  0.0,   1.0,   0.0,   6.0,   6.0, 6370200., .6562,   0.0, .1667
  0.0,   1.0,   0.0,   6.0,   6.0, 6366120., .3099,   0.0, .6667
  0.0,   1.0,   0.0,   6.0,   6.0, 6364140., .5981,   0.0, .3333
  0.0,   1.0,   0.0,   6.0,   6.0, 6354420., .3969,   0.0,   0.5
  0.0,   1.0,   0.0,   6.0,   6.0, 6350760., .4775,   0.0, .3333
  0.0,   1.0,   0.0,   6.0,   6.0, 6335040., .4775,   0.0,   0.0
  0.0,   1.0,   0.0,   6.0,   6.0, 6329400., .5914,   0.0,   0.5
  0.0,   1.0,   0.0,   6.0,   6.0, 6328320., 0.686,   0.0, .3333
  0.0,   1.0,   0.0,   6.0,   6.0, 6324480., .4775,   0.0,   0.5
  0.0,   1.0,   0.0,   6.0,   6.0, 6324241., .5225,   0.0,   0.5
  0.0,   1.0,   0.0,   6.0,   6.0, 6319620., .6857,   0.0, .3333
  0.0,   1.0,   0.0,   6.0,   6.0, 6317701., .3674,   0.0,   0.5
  0.0,   1.0,   0.0,   6.0,   6.0, 6316860., .3895,   0.0, .3333
  0.0,   1.0,   0.0,   6.0,   6.0, 6276000., .6318,   0.0, .3333
  0.0,   1.0,   0.0,   6.0,   6.0, 6268980., .5981,   0.0, .3333
  0.0,   1.0,   0.0,   6.0,   6.0, 6253560., .5566,   0.0,   0.5
  0.0,   1.0,   0.0,   6.0,   6.0, 6249900., .5136,   0.0, .3333
  0.0,   1.0,   0.0,   6.0,   6.0, 6245460., -.331,   0.0, .1667
  0.0,   1.0,   0.0,   6.0,   6.0, 6240900., .5718,   0.0, .1667
  0.0,   1.0,   0.0,   6.0,   6.0, 6238020., -.331,   0.0,   0.5
  0.0,   1.0,   0.0,   6.0,   6.0, 6237241., -.055,   0.0,   0.5
  0.0,   1.0,   0.0,   6.0,   6.0, 6228180., -.331,   0.0, .3333
  0.0,   1.0,   0.0,   6.0,   6.0, 6228120., .6857,   0.0, .1667
  0.0,   1.0,   0.0,   6.0,   6.0, 6174240., .3237,   0.0,   0.5
  0.0,   1.0,   0.0,   6.0,   6.0, 6166560., 0.686,   0.0, .1667
  0.0,   1.0,   0.0,   6.0,   6.0, 6165000., .6562,   0.0, .1667
  0.0,   1.0,   0.0,   6.0,   6.0, 6162600., .2866,   0.0,   0.5
  0.0,   1.0,   0.0,   6.0,   6.0, 6162240., .4705,   0.0, .1667
  0.0,   1.0,   0.0,   6.0,   6.0, 6159540., 0.686,   0.0, .3333
  0.0,   1.0,   0.0,   6.0,   6.0, 6154920., .5136,   0.0, .1667
  0.0,   1.0,   0.0,   6.0,   6.0, 6150600., .6515,   0.0, .1667
  0.0,   1.0,   0.0,   6.0,   6.0, 6147660., .5374,   0.0,   0.5
  0.0,   1.0,   0.0,   6.0,   6.0, 6145140., -.484,   0.0,   0.5
  0.0,   1.0,   0.0,   6.0,   6.0, 6144960., .6551,   0.0, .6667
  0.0,   1.0,   0.0,   6.0,   6.0, 6144180., 0.225,   0.0, .1667
  0.0,   1.0,   0.0,   6.0,   6.0, 6142560., .6579,   0.0,   0.5
  0.0,   1.0,   0.0,   6.0,   6.0, 6142320., .6463,   0.0, .3333
  0.0,   1.0,   0.0,   6.0,   6.0, 6097981., .5718,   0.0,   0.5
  0.0,   1.0,   0.0,   6.0,   6.0, 6083220., .6515,   0.0, .1667
  0.0,   1.0,   0.0,   6.0,   6.0, 6080820., -.074,   0.0,   0.5
  0.0,   1.0,   0.0,   6.0,   6.0, 6072120., .6515,   0.0, .3333
  0.0,   1.0,   0.0,   6.0,   6.0, 6068880., .5225,   0.0, .1667
  0.0,   1.0,   0.0,   6.0,   6.0, 6068220., .5136,   0.0,   0.5
  0.0,   1.0,   0.0,   6.0,   6.0, 6061680., .4705,   0.0, .1667
  0.0,   1.0,   0.0,   6.0,   6.0, 6056220., .6562,   0.0,   0.0
  0.0,   1.0,   0.0,   6.0,   6.0, 6055380., .2962,   0.0,   0.5
  0.0,   1.0,   0.0,   6.0,   6.0, 6048600., .5136,   0.0, .3333
  0.0,   1.0,   0.0,   6.0,   6.0, 6023280., .2497,   0.0,   0.5
  0.0,   1.0,   0.0,   6.0,   6.0, 5994540., .3352,   0.0,   0.5
  0.0,   1.0,   0.0,   6.0,   6.0, 5986200., .1991,   0.0, .3333
  0.0,   1.0,   0.0,   6.0,   6.0, 5984940., .6675,   0.0, .6667
  0.0,   1.0,   0.0,   6.0,   6.0, 5979540., .3352,   0.0, .1667
  0.0,   1.0,   0.0,   6.0,   6.0, 5979360., .6857,   0.0, .3333
  0.0,   1.0,   0.0,   6.0,   6.0, 5977500., .4705,   0.0,   1.0
  0.0,   1.0,   0.0,   6.0,   6.0, 5970180., 0.136,   0.0,   0.5
  0.0,   1.0,   0.0,   6.0,   6.0, 5967120., .0973,   0.0,   0.5
  0.0,   1.0,   0.0,   6.0,   6.0, 5902800., .5718,   0.0, .3333
  0.0,   1.0,   0.0,   6.0,   6.0, 5895060., .5718,   0.0, .3333
  0.0,   1.0,   0.0,   6.0,   6.0, 5883780., .6515,   0.0, .3333
  0.0,   1.0,   0.0,   6.0,   6.0, 5879880., .5981,   0.0,   0.5
  0.0,   1.0,   0.0,   6.0,   6.0, 5822520., .0253,   0.0,   0.5
  0.0,   1.0,   0.0,   6.0,   6.0, 5819100., .5136,   0.0, .1667
  0.0,   1.0,   0.0,   6.0,   6.0, 5817900., .4596,   0.0,   0.5
  0.0,   1.0,   0.0,   6.0,   6.0, 5815800., .6044,   0.0, .3333
  0.0,   1.0,   0.0,   6.0,   6.0, 5809260.,  -1.2,   0.0, .6667
  0.0,   1.0,   0.0,   6.0,   6.0, 5809200., .6515,   0.0, .3333
  0.0,   1.0,   0.0,   6.0,   6.0, 5806620., .2077,   0.0, .3333
  0.0,   1.0,   0.0,   6.0,   6.0, 5805841., .6562,   0.0, .3333
  0.0,   1.0,   0.0,   6.0,   6.0, 5802540., .6515,   0.0,   0.5
  0.0,   1.0,   0.0,   6.0,   6.0, 5796420., .6515,   0.0,   0.5
  0.0,   1.0,   0.0,   6.0,   6.0, 5795700., .5136,   0.0, .3333
  0.0,   1.0,   0.0,   6.0,   6.0, 5741760., .6562,   0.0, .3333
  0.0,   1.0,   0.0,   6.0,   6.0, 5735460., 0.686,   0.0, .6667
  0.0,   1.0,   0.0,   6.0,   6.0, 5724900., .6463,   0.0, .6667
  0.0,   1.0,   0.0,   6.0,   6.0, 5712060., .6515,   0.0, .3333
  0.0,   1.0,   0.0,   6.0,   6.0, 5710560., .4705,   0.0, .3333
  0.0,   1.0,   0.0,   6.0,   6.0, 5709120., .4495,   0.0,   0.5
  0.0,   1.0,   0.0,   6.0,   6.0, 5709060., .2962,   0.0, .3333
  0.0,   1.0,   0.0,   6.0,   6.0, 5706600., .2962,   0.0, .6667
  0.0,   1.0,   0.0,   6.0,   6.0, 5706480., .4705,   0.0, .6667
  0.0,   1.0,   0.0,   6.0,   6.0, 5703240., .5718,   0.0,   0.5
  0.0,   1.0,   0.0,   6.0,   6.0, 5668020., .2962,   0.0, .3333
  0.0,   1.0,   0.0,   6.0,   6.0, 5658840., .2962,   0.0, .6667
  0.0,   1.0,   0.0,   6.0,   6.0, 5658720., .6463,   0.0, .6667
  0.0,   1.0,   0.0,   6.0,   6.0, 5650620., .6515,   0.0,   0.5
  0.0,   1.0,   0.0,   6.0,   6.0, 5645460., .6562,   0.0, .3333
  0.0,   1.0,   0.0,   6.0,   6.0, 5644080., .6152,   0.0,   0.5
  0.0,   1.0,   0.0,   6.0,   6.0, 5641740., .2962,   0.0, .6667
  0.0,   1.0,   0.0,   6.0,   6.0, 5637540., .6562,   0.0, .1667
  0.0,   1.0,   0.0,   6.0,   6.0, 5636520., -.167,   0.0,   0.5
  0.0,   1.0,   0.0,   6.0,   6.0, 5628060., .6562,   0.0, .3333
  0.0,   1.0,   0.0,   6.0,   6.0, 5626440., .6562,   0.0, .3333
  0.0,   1.0,   0.0,   6.0,   6.0, 5620860., .4775,   0.0, .3333
  0.0,   1.0,   0.0,   6.0,   6.0, 5617921., 0.225,   0.0, .3333
  0.0,   1.0,   0.0,   6.0,   6.0, 5562120., .5765,   0.0, .6667
  0.0,   1.0,   0.0,   6.0,   6.0, 5557020., -.074,   0.0, .6667
  0.0,   1.0,   0.0,   6.0,   6.0, 5553180., .3373,   0.0, .1667
  0.0,   1.0,   0.0,   6.0,   6.0, 5551860., .4756,   0.0, .3333
  0.0,   1.0,   0.0,   6.0,   6.0, 5549640., .4215,   0.0, .1667
  0.0,   1.0,   0.0,   6.0,   6.0, 5546700., 0.263,   0.0,   0.5
  0.0,   1.0,   0.0,   6.0,   6.0, 5543760., .2648,   0.0, .3333
  0.0,   1.0,   0.0,   6.0,   6.0, 5541780., 0.191,   0.0, .3333
  0.0,   1.0,   0.0,   6.0,   6.0, 5537880., .4756,   0.0,   0.5
  0.0,   1.0,   0.0,   6.0,   6.0, 5537100., .6152,   0.0,   0.5
  0.0,   1.0,   0.0,   6.0,   6.0, 5536380., .5609,   0.0,   0.5
  0.0,   1.0,   0.0,   6.0,   6.0, 5535540., .6862,   0.0, .3333
  0.0,   1.0,   0.0,   6.0,   6.0, 5533140., .5718,   0.0,   0.5
  0.0,   1.0,   0.0,   6.0,   6.0, 5489101., .6862,   0.0, .3333
  0.0,   1.0,   0.0,   6.0,   6.0, 5472060., .6515,   0.0,   0.5
  0.0,   1.0,   0.0,   6.0,   6.0, 5470200., -.064,   0.0, .3333
  0.0,   1.0,   0.0,   6.0,   6.0, 5463360., .3237,   0.0,   0.5
  0.0,   1.0,   0.0,   6.0,   6.0, 5462580., .0024,   0.0,   0.0
  0.0,   1.0,   0.0,   6.0,   6.0, 5461860., .6562,   0.0,   0.0
  0.0,   1.0,   0.0,   6.0,   6.0, 5458020., .6508,   0.0, .8333
  0.0,   1.0,   0.0,   6.0,   6.0, 5454060., .5136,   0.0, .1667
  0.0,   1.0,   0.0,   6.0,   6.0, 5411160., .5136,   0.0, .3333
  0.0,   1.0,   0.0,   6.0,   6.0, 5395261., .6562,   0.0, .3333
  0.0,   1.0,   0.0,   6.0,   6.0, 5374980., .6562,   0.0, .6667
  0.0,   1.0,   0.0,   6.0,   6.0, 5371860., 0.657,   0.0, .3333
  0.0,   1.0,   0.0,   6.0,   6.0, 5371080., .4024,   0.0, .1667
  0.0,   1.0,   0.0,   6.0,   6.0, 5370060., .6562,   0.0, .1667
  0.0,   1.0,   0.0,   6.0,   6.0, 5369280., .3237,   0.0, .3333
  0.0,   1.0,   0.0,   6.0,   6.0, 5368920., .1153,   0.0, .3333
  0.0,   1.0,   0.0,   6.0,   6.0, 5367540., .4326,   0.0, .1667
  0.0,   1.0,   0.0,   6.0,   6.0, 5366160., .6515,   0.0,   0.5
  0.0,   1.0,   0.0,   6.0,   6.0, 5363040., .1153,   0.0,   0.5
  0.0,   1.0,   0.0,   6.0,   6.0, 5362081., .5064,   0.0, .1667
  0.0,   1.0,   0.0,   6.0,   6.0, 5359320., .0594,   0.0, .6667
  0.0,   1.0,   0.0,   6.0,   6.0, 5297340., .5981,   0.0, .1667
  0.0,   1.0,   0.0,   6.0,   6.0, 5294220., .5699,   0.0,   0.5
  0.0,   1.0,   0.0,   6.0,   6.0, 5291520., .6839,   0.0, .3333
  0.0,   1.0,   0.0,   6.0,   6.0, 5290560., -.074,   0.0, .3333
  0.0,   1.0,   0.0,   6.0,   6.0, 5286540., -.074,   0.0, .3333
  0.0,   1.0,   0.0,   6.0,   6.0, 5286180., -.074,   0.0, .1667
  0.0,   1.0,   0.0,   6.0,   6.0, 5285400., -.074,   0.0, .3333
  0.0,   1.0,   0.0,   6.0,   6.0, 5284740., -.074,   0.0,   0.0
  0.0,   1.0,   0.0,   6.0,   6.0, 5284080., .3632,   0.0, .8333
  0.0,   1.0,   0.0,   6.0,   6.0, 5282580., .6515,   0.0,   0.5
  0.0,   1.0,   0.0,   6.0,   6.0, 5279581.,   0.0,   0.0,   0.0
  0.0,   1.0,   0.0,   6.0,   6.0, 5277180., .5981,   0.0, .6667
  0.0,   1.0,   0.0,   6.0,   6.0, 5276100., .0172,   0.0, .6667
  0.0,   1.0,   0.0,   6.0,   6.0, 5272800., .4513,   0.0, .8333
  0.0,   1.0,   0.0,   6.0,   6.0, 5217240., .1588,   0.0,   0.5
  0.0,   1.0,   0.0,   6.0,   6.0, 5216400., -.242,   0.0,   0.5
  0.0,   1.0,   0.0,   6.0,   6.0, 5215741., .5981,   0.0, .1667
  0.0,   1.0,   0.0,   6.0,   6.0, 5215560., .5136,   0.0,   0.5
  0.0,   1.0,   0.0,   6.0,   6.0, 5212320., .6152,   0.0,   0.5
  0.0,   1.0,   0.0,   6.0,   6.0, 5196840., .6839,   0.0, .3333
  0.0,   1.0,   0.0,   6.0,   6.0, 5159940., .6706,   0.0,   0.5
  0.0,   1.0,   0.0,   6.0,   6.0, 5133600., .5981,   0.0,   0.5
  0.0,   1.0,   0.0,   6.0,   6.0, 5121480., .5609,   0.0, .6667
  0.0,   1.0,   0.0,   6.0,   6.0, 5117340., .5718,   0.0,   0.5
  0.0,   1.0,   0.0,   6.0,   6.0, 5113200., .4775,   0.0, .3333
  0.0,   1.0,   0.0,   6.0,   6.0, 5113080., 0.323,   0.0, .1667
  0.0,   1.0,   0.0,   6.0,   6.0, 5111220., .3969,   0.0, .3333
  0.0,   1.0,   0.0,   6.0,   6.0, 5110561., .1991,   0.0,   0.5
  0.0,   1.0,   0.0,   6.0,   6.0, 5108580., .3352,   0.0, .3333
  0.0,   1.0,   0.0,   6.0,   6.0, 5103360., .6515,   0.0,   0.5
  0.0,   1.0,   0.0,   6.0,   6.0, 5035980., .5765,   0.0, .3333
  0.0,   1.0,   0.0,   6.0,   6.0, 5031120., .4775,   0.0, .3333
  0.0,   1.0,   0.0,   6.0,   6.0, 5028060., .6662,   0.0, .1667
  0.0,   1.0,   0.0,   6.0,   6.0, 5027580., .1991,   0.0, .8333
  0.0,   1.0,   0.0,   6.0,   6.0, 5026800., .5136,   0.0, .3333
  0.0,   1.0,   0.0,   6.0,   6.0, 5024280., .4484,   0.0,   0.5
  0.0,   1.0,   0.0,   6.0,   6.0, 5021340., .4705,   0.0, .1667
  0.0,   1.0,   0.0,   6.0,   6.0, 4982820., .4596,   0.0,   0.5
  0.0,   1.0,   0.0,   6.0,   6.0, 4957500., .6152,   0.0, .3333
  0.0,   1.0,   0.0,   6.0,   6.0, 4945740., .5646,   0.0,   0.5
  0.0,   1.0,   0.0,   6.0,   6.0, 4944120., .5644,   0.0, .6667
  0.0,   1.0,   0.0,   6.0,   6.0, 4943640., .4705,   0.0, .3333
  0.0,   1.0,   0.0,   6.0,   6.0, 4942800., .4775,   0.0, .1667
  0.0,   1.0,   0.0,   6.0,   6.0, 4936381., .6706,   0.0, .6667
  0.0,   1.0,   0.0,   6.0,   6.0, 4933980., -1.23,   0.0, .3333
  0.0,   1.0,   0.0,   6.0,   6.0, 4931580., .5765,   0.0, .3333
  0.0,   1.0,   0.0,   6.0,   6.0, 4930921., .6662,   0.0, .1667
  0.0,   1.0,   0.0,   6.0,   6.0, 4930321., .6152,   0.0, .3333
  0.0,   1.0,   0.0,   6.0,   6.0, 4928820., .5568,   0.0, .6667
  0.0,   1.0,   0.0,   6.0,   6.0, 4928220., .6515,   0.0,   0.5
  0.0,   1.0,   0.0,   6.0,   6.0, 4881540., .1991,   0.0,   0.5
  0.0,   1.0,   0.0,   6.0,   6.0, 4875600., .2615,   0.0, .6667
  0.0,   1.0,   0.0,   6.0,   6.0, 4874100., .4705,   0.0, .3333
  0.0,   1.0,   0.0,   6.0,   6.0, 4859820., .5718,   0.0, .3333
  0.0,   1.0,   0.0,   6.0,   6.0, 4855320., .6857,   0.0, .3333
  0.0,   1.0,   0.0,   6.0,   6.0, 4851840., .6662,   0.0, .1667
  0.0,   1.0,   0.0,   6.0,   6.0, 4850220., .6662,   0.0, .6667
  0.0,   1.0,   0.0,   6.0,   6.0, 4847460., .5361,   0.0, .1667
  0.0,   1.0,   0.0,   6.0,   6.0, 4847100., .4775,   0.0, .3333
  0.0,   1.0,   0.0,   6.0,   6.0, 4846080., .1991,   0.0,   0.5
  0.0,   1.0,   0.0,   6.0,   6.0, 4842420., .6857,   0.0,   0.5
  0.0,   1.0,   0.0,   6.0,   6.0, 4839900., .5644,   0.0, .3333
  0.0,   1.0,   0.0,   6.0,   6.0, 4779540., .5136,   0.0, .3333
  0.0,   1.0,   0.0,   6.0,   6.0, 4779000., .4326,   0.0,   0.5
  0.0,   1.0,   0.0,   6.0,   6.0, 4775460., .5981,   0.0, .3333
  0.0,   1.0,   0.0,   6.0,   6.0, 4762980., -.069,   0.0, .1667
  0.0,   1.0,   0.0,   6.0,   6.0, 4762321., .4484,   0.0, .1667
  0.0,   1.0,   0.0,   6.0,   6.0, 4761720., .3969,   0.0, .3333
  0.0,   1.0,   0.0,   6.0,   6.0, 4754341., .5718,   0.0, .1667
  0.0,   1.0,   0.0,   6.0,   6.0, 4711320., .6706,   0.0, .3333
  0.0,   1.0,   0.0,   6.0,   6.0, 4697820., .3895,   0.0, .3333
  0.0,   1.0,   0.0,   6.0,   6.0, 4678620., .3969,   0.0,   0.0
  0.0,   1.0,   0.0,   6.0,   6.0, 4677060., .4513,   0.0, .1667
  0.0,   1.0,   0.0,   6.0,   6.0, 4673340., .4513,   0.0, .3333
  0.0,   1.0,   0.0,   6.0,   6.0, 4672560., .6463,   0.0, .3333
  0.0,   1.0,   0.0,   6.0,   6.0, 4668781.,   0.0,   0.0,   0.0
  0.0,   1.0,   0.0,   6.0,   6.0, 4647240., .4484,   0.0, .3333
  0.0,   1.0,   0.0,   6.0,   6.0, 4616340., .5718,   0.0,   0.5
  0.0,   1.0,   0.0,   6.0,   6.0, 4609200., .4705,   0.0, .3333
  0.0,   1.0,   0.0,   6.0,   6.0, 4608720., .4775,   0.0, .3333
  0.0,   1.0,   0.0,   6.0,   6.0, 4604100., .6515,   0.0,   0.5
  0.0,   1.0,   0.0,   6.0,   6.0, 4592760., .4596,   0.0,   0.5
  0.0,   1.0,   0.0,   6.0,   6.0, 4587721.,   0.0,   0.0,   0.0
  0.0,   1.0,   0.0,   6.0,   6.0, 4585920., .0514,   0.0, .3333
  0.0,   1.0,   0.0,   6.0,   6.0, 4585800., .4775,   0.0, .3333
  0.0,   1.0,   0.0,   6.0,   6.0, 4585260., .4775,   0.0,   0.5
  0.0,   1.0,   0.0,   6.0,   6.0, 4547700., .3871,   0.0, .1667
  0.0,   1.0,   0.0,   6.0,   6.0, 4526340., .4596,   0.0,   0.5
  0.0,   1.0,   0.0,   6.0,   6.0, 4523340., .4024,   0.0,   0.5
  0.0,   1.0,   0.0,   6.0,   6.0, 4515000., -.258,   0.0, .8333
  0.0,   1.0,   0.0,   6.0,   6.0, 4505520., .4775,   0.0,   0.0
  0.0,   1.0,   0.0,   6.0,   6.0, 4504740., .4386,   0.0, .6667
  0.0,   1.0,   0.0,   6.0,   6.0, 4501860., .1688,   0.0,   0.5
  0.0,   1.0,   0.0,   6.0,   6.0, 4500181., .5374,   0.0, .3333
  0.0,   1.0,   0.0,   6.0,   6.0, 4496701., .5056,   0.0, .8333
  0.0,   1.0,   0.0,   6.0,   6.0, 4457280., .5765,   0.0, .3333
  0.0,   1.0,   0.0,   6.0,   6.0, 4445581., .5136,   0.0, .3333
  0.0,   1.0,   0.0,   6.0,   6.0, 4443540., .5718,   0.0,   0.5
  0.0,   1.0,   0.0,   6.0,   6.0, 4441080., .5361,   0.0, .8333
  0.0,   1.0,   0.0,   6.0,   6.0, 4436160., .2034,   0.0,   0.5
  0.0,   1.0,   0.0,   6.0,   6.0, 4432620., .6515,   0.0, .3333
  0.0,   1.0,   0.0,   6.0,   6.0, 4430520., .2665,   0.0, .3333
  0.0,   1.0,   0.0,   6.0,   6.0, 4424520., .4824,   0.0, .3333
  0.0,   1.0,   0.0,   6.0,   6.0, 4423080., .4705,   0.0, .3333
  0.0,   1.0,   0.0,   6.0,   6.0, 4422480., .4874,   0.0,   0.5
  0.0,   1.0,   0.0,   6.0,   6.0, 4421820., .6562,   0.0, .6667
  0.0,   1.0,   0.0,   6.0,   6.0, 4420800., .4775,   0.0, .3333
  0.0,   1.0,   0.0,   6.0,   6.0, 4420080., .6706,   0.0, .3333
  0.0,   1.0,   0.0,   6.0,   6.0, 4418280., .0242,   0.0,   0.5
  0.0,   1.0,   0.0,   6.0,   6.0, 4415640., .5672,   0.0,   0.5
  0.0,   1.0,   0.0,   6.0,   6.0, 4415520., .5981,   0.0,   0.5
  0.0,   1.0,   0.0,   6.0,   6.0, 4415340., .5718,   0.0, .1667
  0.0,   1.0,   0.0,   6.0,   6.0, 4409880., .4775,   0.0,   0.5
  0.0,   1.0,   0.0,   6.0,   6.0, 4409520., 0.657,   0.0,   0.5
  0.0,   1.0,   0.0,   6.0,   6.0, 4349820., .6706,   0.0, .3333
  0.0,   1.0,   0.0,   6.0,   6.0, 4349160., -0.32,   0.0, .3333
  0.0,   1.0,   0.0,   6.0,   6.0, 4341660., .6857,   0.0, .1667
  0.0,   1.0,   0.0,   6.0,   6.0, 4339801., -1.99,   0.0, .3333
  0.0,   1.0,   0.0,   6.0,   6.0, 4339500., .4024,   0.0, .3333
  0.0,   1.0,   0.0,   6.0,   6.0, 4337520., -.069,   0.0, .6667
  0.0,   1.0,   0.0,   6.0,   6.0, 4332780., .5718,   0.0, .3333
  0.0,   1.0,   0.0,   6.0,   6.0, 4331940., .6635,   0.0,   0.0
  0.0,   1.0,   0.0,   6.0,   6.0, 4331340., .6562,   0.0, .3333
  0.0,   1.0,   0.0,   6.0,   6.0, 4329661., -.037,   0.0, .6667
  0.0,   1.0,   0.0,   6.0,   6.0, 4329060., .5718,   0.0,   0.5
  0.0,   1.0,   0.0,   6.0,   6.0, 4328761., .0594,   0.0, .3333
  0.0,   1.0,   0.0,   6.0,   6.0, 4322760., .5981,   0.0, .1667
  0.0,   1.0,   0.0,   6.0,   6.0, 4321261., .6465,   0.0, .3333
  0.0,   1.0,   0.0,   6.0,   6.0, 4320540., .1153,   0.0, .3333
  0.0,   1.0,   0.0,   6.0,   6.0, 4291920., .4775,   0.0, .3333
  0.0,   1.0,   0.0,   6.0,   6.0, 4270440., .5646,   0.0,   0.5
  0.0,   1.0,   0.0,   6.0,   6.0, 4268100., .6562,   0.0, .3333
  0.0,   1.0,   0.0,   6.0,   6.0, 4264260., .6078,   0.0,   0.5
  0.0,   1.0,   0.0,   6.0,   6.0, 4262401., .5718,   0.0, .3333
  0.0,   1.0,   0.0,   6.0,   6.0, 4257901., .6839,   0.0, .3333
  0.0,   1.0,   0.0,   6.0,   6.0, 4254420., .4705,   0.0, .3333
  0.0,   1.0,   0.0,   6.0,   6.0, 4237801., .5718,   0.0, .3333
  0.0,   1.0,   0.0,   6.0,   6.0, 4236540., .0024,   0.0,   0.5
  0.0,   1.0,   0.0,   6.0,   6.0, 4204020., .6839,   0.0, .1667
  0.0,   1.0,   0.0,   6.0,   6.0, 4173541.,   0.0,   0.0,   0.0
  0.0,   1.0,   0.0,   6.0,   6.0, 4170300., .6515,   0.0, .1667
  0.0,   1.0,   0.0,   6.0,   6.0, 4168740., .5718,   0.0, .6667
  0.0,   1.0,   0.0,   6.0,   6.0, 4168320., 0.686,   0.0, .3333
  0.0,   1.0,   0.0,   6.0,   6.0, 4166760., .6562,   0.0, .1667
  0.0,   1.0,   0.0,   6.0,   6.0, 4161601., .6562,   0.0,   0.0
  0.0,   1.0,   0.0,   6.0,   6.0, 4157641., .4596,   0.0, .3333
  0.0,   1.0,   0.0,   6.0,   6.0, 4157160., .1153,   0.0, .3333
  0.0,   1.0,   0.0,   6.0,   6.0, 4156200., 0.686,   0.0,   0.5
  0.0,   1.0,   0.0,   6.0,   6.0, 4154760., .4775,   0.0, .3333
  0.0,   1.0,   0.0,   6.0,   6.0, 4110540., .6562,   0.0, .3333
  0.0,   1.0,   0.0,   6.0,   6.0, 4100461., .4596,   0.0, .3333
  0.0,   1.0,   0.0,   6.0,   6.0, 4096560., .6857,   0.0, .3333
  0.0,   1.0,   0.0,   6.0,   6.0, 4084020., .6562,   0.0, .1667
  0.0,   1.0,   0.0,   6.0,   6.0, 4079160., .3877,   0.0, .3333
  0.0,   1.0,   0.0,   6.0,   6.0, 4073400., .4705,   0.0, .6667
  0.0,   1.0,   0.0,   6.0,   6.0, 4070100., .6515,   0.0,   0.5
  0.0,   1.0,   0.0,   6.0,   6.0, 4068600., .6857,   0.0, .6667
  0.0,   1.0,   0.0,   6.0,   6.0, 4065060., .2866,   0.0, .6667
  0.0,   1.0,   0.0,   6.0,   6.0, 4063320., .4778,   0.0, .3333
  0.0,   1.0,   0.0,   6.0,   6.0, 4027741.,   0.0,   0.0,   0.0
  0.0,   1.0,   0.0,   6.0,   6.0, 4018740., .4775,   0.0, .3333
  0.0,   1.0,   0.0,   6.0,   6.0, 4011060., -.463,   0.0, .1667
  0.0,   1.0,   0.0,   6.0,   6.0, 4001160., .6582,   0.0, .3333
  0.0,   1.0,   0.0,   6.0,   6.0, 3999000., .4383,   0.0, .1667
  0.0,   1.0,   0.0,   6.0,   6.0, 3997861., .3099,   0.0, .8333
  0.0,   1.0,   0.0,   6.0,   6.0, 3987481.,   0.0,   0.0,   0.0
  0.0,   1.0,   0.0,   6.0,   6.0, 3981000., .5225,   0.0, .3333
  0.0,   1.0,   0.0,   6.0,   6.0, 3976921.,   0.0,   0.0,   0.0
  0.0,   1.0,   0.0,   6.0,   6.0, 3924900., -.602,   0.0, .1667
  0.0,   1.0,   0.0,   6.0,   6.0, 3922800., .1153,   0.0, .3333
  0.0,   1.0,   0.0,   6.0,   6.0, 3919800., .6857,   0.0,   0.5
  0.0,   1.0,   0.0,   6.0,   6.0, 3909780., .6807,   0.0, .3333
  0.0,   1.0,   0.0,   6.0,   6.0, 3905520., -.602,   0.0, .3333
  0.0,   1.0,   0.0,   6.0,   6.0, 3904680., 0.225,   0.0,   0.5
  0.0,   1.0,   0.0,   6.0,   6.0, 3899220., .1153,   0.0, .3333
  0.0,   1.0,   0.0,   6.0,   6.0, 3899160., .5288,   0.0, .6667
  0.0,   1.0,   0.0,   6.0,   6.0, 3894540., .3237,   0.0, .6667
  0.0,   1.0,   0.0,   6.0,   6.0, 3884161., .6857,   0.0, .3333
  0.0,   1.0,   0.0,   6.0,   6.0, 3849661.,   0.0,   0.0,   0.0
  0.0,   1.0,   0.0,   6.0,   6.0, 3838740., .6892,   0.0, .1667
  0.0,   1.0,   0.0,   6.0,   6.0, 3837120., .5741,   0.0, .8333
  0.0,   1.0,   0.0,   6.0,   6.0, 3833400., .6562,   0.0, .1667
  0.0,   1.0,   0.0,   6.0,   6.0, 3831361., .1965,   0.0, .6667
  0.0,   1.0,   0.0,   6.0,   6.0, 3826680., .6562,   0.0, .1667
  0.0,   1.0,   0.0,   6.0,   6.0, 3824700., .4014,   0.0, .3333
  0.0,   1.0,   0.0,   6.0,   6.0, 3821520., .6562,   0.0, .1667
  0.0,   1.0,   0.0,   6.0,   6.0, 3820860., .4383,   0.0, .6667
  0.0,   1.0,   0.0,   6.0,   6.0, 3814320., .2648,   0.0, .1667
  0.0,   1.0,   0.0,   6.0,   6.0, 3807241., -.142,   0.0, .6667
  0.0,   1.0,   0.0,   6.0,   6.0, 3774841., .6508,   0.0,   0.5
  0.0,   1.0,   0.0,   6.0,   6.0, 3744900., -0.46,   0.0, .1667
  0.0,   1.0,   0.0,   6.0,   6.0, 3736560., .3871,   0.0, .8333
  0.0,   1.0,   0.0,   6.0,   6.0, 3731521., .6534,   0.0, .1667
  0.0,   1.0,   0.0,   6.0,   6.0, 3730980., .6562,   0.0, .1667
  0.0,   1.0,   0.0,   6.0,   6.0, 3730740., 0.294,   0.0,   0.5
  0.0,   1.0,   0.0,   6.0,   6.0, 3728040., .5609,   0.0, .1667
  0.0,   1.0,   0.0,   6.0,   6.0, 3726720., .6857,   0.0,   0.5
  0.0,   1.0,   0.0,   6.0,   6.0, 3724080., .5483,   0.0, .1667
  0.0,   1.0,   0.0,   6.0,   6.0, 3722221., .6562,   0.0, .3333
  0.0,   1.0,   0.0,   6.0,   6.0, 3721920., 0.299,   0.0, .3333
  0.0,   1.0,   0.0,   6.0,   6.0, 3721380., .6562,   0.0, .3333
  0.0,   1.0,   0.0,   6.0,   6.0, 3720660., .4705,   0.0, .3333
  0.0,   1.0,   0.0,   6.0,   6.0, 3720300., .4757,   0.0, .3333
  0.0,   1.0,   0.0,   6.0,   6.0, 3658860., .4705,   0.0, .3333
  0.0,   1.0,   0.0,   6.0,   6.0, 3655500., .6706,   0.0, .6667
  0.0,   1.0,   0.0,   6.0,   6.0, 3655260., .2901,   0.0, .3333
  0.0,   1.0,   0.0,   6.0,   6.0, 3647520., .6675,   0.0, .3333
  0.0,   1.0,   0.0,   6.0,   6.0, 3646861., .6515,   0.0,   0.0
  0.0,   1.0,   0.0,   6.0,   6.0, 3646321., .6515,   0.0, .1667
  0.0,   1.0,   0.0,   6.0,   6.0, 3641461., .6562,   0.0,   0.0
  0.0,   1.0,   0.0,   6.0,   6.0, 3635100., .5361,   0.0, .3333
  0.0,   1.0,   0.0,   6.0,   6.0, 3634801., .6562,   0.0, .1667
  0.0,   1.0,   0.0,   6.0,   6.0, 3634380., .6465,   0.0,   0.0
  0.0,   1.0,   0.0,   6.0,   6.0, 3633841., .4775,   0.0,   0.0
  0.0,   1.0,   0.0,   6.0,   6.0, 3632340., .5981,   0.0, .3333
  0.0,   1.0,   0.0,   6.0,   6.0, 3631260., .6857,   0.0,   0.5
  0.0,   1.0,   0.0,   6.0,   6.0, 3559560., .4775,   0.0, .3333
  0.0,   1.0,   0.0,   6.0,   6.0, 3559201., .5998,   0.0,   0.5
  0.0,   1.0,   0.0,   6.0,   6.0, 3558961., .6857,   0.0, .3333
  0.0,   1.0,   0.0,   6.0,   6.0, 3551700., .4053,   0.0, .3333
  0.0,   1.0,   0.0,   6.0,   6.0, 3550380., .6892,   0.0, .3333
  0.0,   1.0,   0.0,   6.0,   6.0, 3485220., .6515,   0.0, .1667
  0.0,   1.0,   0.0,   6.0,   6.0, 3484620., .6423,   0.0,   0.5
  0.0,   1.0,   0.0,   6.0,   6.0, 3476460., .5777,   0.0, .1667
  0.0,   1.0,   0.0,   6.0,   6.0, 3473820., .6562,   0.0,   0.5
  0.0,   1.0,   0.0,   6.0,   6.0, 3473460., .5136,   0.0,   0.5
  0.0,   1.0,   0.0,   6.0,   6.0, 3470580., .4386,   0.0, .3333
  0.0,   1.0,   0.0,   6.0,   6.0, 3441960., .5765,   0.0, .3333
  0.0,   1.0,   0.0,   6.0,   6.0, 3422880., .6562,   0.0,   0.5
  0.0,   1.0,   0.0,   6.0,   6.0, 3398880., .3188,   0.0, .3333
  0.0,   1.0,   0.0,   6.0,   6.0, 3373141., .5568,   0.0, .3333
  0.0,   1.0,   0.0,   6.0,   6.0, 3340381.,   0.0,   0.0,   0.0
  0.0,   1.0,   0.0,   6.0,   6.0, 3312480., .4386,   0.0, .3333
  0.0,   1.0,   0.0,   6.0,   6.0, 3308460., .4024,   0.0, .1667
  0.0,   1.0,   0.0,   6.0,   6.0, 3306660., 0.657,   0.0,   0.5
  0.0,   1.0,   0.0,   6.0,   6.0, 3298801., .0707,   0.0, .3333
  0.0,   1.0,   0.0,   6.0,   6.0, 3294301., .4775,   0.0, .3333
  0.0,   1.0,   0.0,   6.0,   6.0, 3291840., .6839,   0.0,   0.5
  0.0,   1.0,   0.0,   6.0,   6.0, 3250260., .6857,   0.0, .3333
  0.0,   1.0,   0.0,   6.0,   6.0, 3218040., .6508,   0.0,   0.5
  0.0,   1.0,   0.0,   6.0,   6.0, 3217441., .5136,   0.0, .3333
  0.0,   1.0,   0.0,   6.0,   6.0, 3208980., 0.657,   0.0, .1667
  0.0,   1.0,   0.0,   6.0,   6.0, 3198060., .6562,   0.0,   0.5
  0.0,   1.0,   0.0,   6.0,   6.0, 3141901., .6515,   0.0,   0.5
  0.0,   1.0,   0.0,   6.0,   6.0, 3140280., 0.657,   0.0, .6667
  0.0,   1.0,   0.0,   6.0,   6.0, 3124501., .4705,   0.0,   0.5
  0.0,   1.0,   0.0,   6.0,   6.0, 3120780., .4775,   0.0, .3333
  0.0,   1.0,   0.0,   6.0,   6.0, 3054960., .5981,   0.0,   0.5
  0.0,   1.0,   0.0,   6.0,   6.0, 3044280., .4386,   0.0, .1667
  0.0,   1.0,   0.0,   6.0,   6.0, 3038701., .4775,   0.0, .3333
  0.0,   1.0,   0.0,   6.0,   6.0, 3037200., .6515,   0.0,   0.5
  0.0,   1.0,   0.0,   6.0,   6.0, 3035100., .1222,   0.0,   0.5
  0.0,   1.0,   0.0,   6.0,   6.0, 3030001., 0.171,   0.0, .3333
  0.0,   1.0,   0.0,   6.0,   6.0, 2980921., .4024,   0.0, .1667
  0.0,   1.0,   0.0,   6.0,   6.0, 2970240., .5136,   0.0, .3333
  0.0,   1.0,   0.0,   6.0,   6.0, 2963040., .6515,   0.0, .3333
  0.0,   1.0,   0.0,   6.0,   6.0, 2960640., .4756,   0.0, .1667
  0.0,   1.0,   0.0,   6.0,   6.0, 2959560., .4024,   0.0, .1667
  0.0,   1.0,   0.0,   6.0,   6.0, 2959380., .4024,   0.0, .3333
  0.0,   1.0,   0.0,   6.0,   6.0, 2958360., .5189,   0.0,   0.5
  0.0,   1.0,   0.0,   6.0,   6.0, 2949360., 0.171,   0.0,   0.5
  0.0,   1.0,   0.0,   6.0,   6.0, 2947261., -.242,   0.0, .6667
  0.0,   1.0,   0.0,   6.0,   6.0, 2902380., .2648,   0.0,   0.5
  0.0,   1.0,   0.0,   6.0,   6.0, 2884320., .5981,   0.0,   0.5
  0.0,   1.0,   0.0,   6.0,   6.0, 2881021., .6515,   0.0, .3333
  0.0,   1.0,   0.0,   6.0,   6.0, 2876340., .0594,   0.0,   0.5
  0.0,   1.0,   0.0,   6.0,   6.0, 2871600., .3237,   0.0, .3333
  0.0,   1.0,   0.0,   6.0,   6.0, 2867220., .4411,   0.0,   0.5
  0.0,   1.0,   0.0,   6.0,   6.0, 2867040., .6562,   0.0,   0.5
  0.0,   1.0,   0.0,   6.0,   6.0, 2861460., .4775,   0.0,   0.5
  0.0,   1.0,   0.0,   6.0,   6.0, 2858760., .6562,   0.0, .3333
  0.0,   1.0,   0.0,   6.0,   6.0, 2857860., .3871,   0.0,   0.5
  0.0,   1.0,   0.0,   6.0,   6.0, 2853240., .5646,   0.0, .6667
  0.0,   1.0,   0.0,   6.0,   6.0, 2797920., .5361,   0.0, .3333
  0.0,   1.0,   0.0,   6.0,   6.0, 2790060., .6562,   0.0,   0.5
  0.0,   1.0,   0.0,   6.0,   6.0, 2781300., 0.686,   0.0, .3333
  0.0,   1.0,   0.0,   6.0,   6.0, 2781060., .5136,   0.0, .1667
  0.0,   1.0,   0.0,   6.0,   6.0, 2778840., .3237,   0.0, .3333
  0.0,   1.0,   0.0,   6.0,   6.0, 2775240., .6675,   0.0,   0.5
  0.0,   1.0,   0.0,   6.0,   6.0, 2712600., .4775,   0.0, .3333
  0.0,   1.0,   0.0,   6.0,   6.0, 2707560., 0.686,   0.0, .1667
  0.0,   1.0,   0.0,   6.0,   6.0, 2697661., .5361,   0.0,   0.5
  0.0,   1.0,   0.0,   6.0,   6.0, 2693040., .5981,   0.0, .6667
  0.0,   1.0,   0.0,   6.0,   6.0, 2686800., .1793,   0.0, .6667
  0.0,   1.0,   0.0,   6.0,   6.0, 2683201., .6515,   0.0, .3333
  0.0,   1.0,   0.0,   6.0,   6.0, 2624100., .4705,   0.0,   0.5
  0.0,   1.0,   0.0,   6.0,   6.0, 2619000., .5136,   0.0, .3333
  0.0,   1.0,   0.0,   6.0,   6.0, 2610300., .6706,   0.0, .6667
  0.0,   1.0,   0.0,   6.0,   6.0, 2608500., .6706,   0.0, .6667
  0.0,   1.0,   0.0,   6.0,   6.0, 2605080., .6562,   0.0, .3333
  0.0,   1.0,   0.0,   6.0,   6.0, 2600640., .4756,   0.0, .6667
  0.0,   1.0,   0.0,   6.0,   6.0, 2599440., .4705,   0.0, .3333
  0.0,   1.0,   0.0,   6.0,   6.0, 2596800., .0374,   0.0,   0.5
  0.0,   1.0,   0.0,   6.0,   6.0, 2527860., .5765,   0.0, .3333
  0.0,   1.0,   0.0,   6.0,   6.0, 2527801., 0.294,   0.0,   0.5
  0.0,   1.0,   0.0,   6.0,   6.0, 2521560., .6582,   0.0, .3333
  0.0,   1.0,   0.0,   6.0,   6.0, 2520660., 0.686,   0.0, .3333
  0.0,   1.0,   0.0,   6.0,   6.0, 2519160., .5609,   0.0, .6667
  0.0,   1.0,   0.0,   6.0,   6.0, 2515080., .2663,   0.0,   0.5
  0.0,   1.0,   0.0,   6.0,   6.0, 2511540., .4775,   0.0, .6667
  0.0,   1.0,   0.0,   6.0,   6.0, 2511481., .5566,   0.0, .3333
  0.0,   1.0,   0.0,   6.0,   6.0, 2457240., .4126,   0.0,   0.0
  0.0,   1.0,   0.0,   6.0,   6.0, 2454601., .5609,   0.0, .3333
  0.0,   1.0,   0.0,   6.0,   6.0, 2447880., .6857,   0.0,   0.5
  0.0,   1.0,   0.0,   6.0,   6.0, 2447521., .5765,   0.0, .3333
  0.0,   1.0,   0.0,   6.0,   6.0, 2442240., .4705,   0.0,   0.5
  0.0,   1.0,   0.0,   6.0,   6.0, 2438521., .4775,   0.0, .1667
  0.0,   1.0,   0.0,   6.0,   6.0, 2436540., .5136,   0.0, .1667
  0.0,   1.0,   0.0,   6.0,   6.0, 2432100., .4705,   0.0, .3333
  0.0,   1.0,   0.0,   6.0,   6.0, 2430360., .5765,   0.0,   0.5
  0.0,   1.0,   0.0,   6.0,   6.0, 2410860., .1291,   0.0, .3333
  0.0,   1.0,   0.0,   6.0,   6.0, 2371441., 0.171,   0.0, .6667
  0.0,   1.0,   0.0,   6.0,   6.0, 2370480., .4126,   0.0,   0.5
  0.0,   1.0,   0.0,   6.0,   6.0, 2364660., .2663,   0.0,   0.5
  0.0,   1.0,   0.0,   6.0,   6.0, 2347620., -.287,   0.0, .1667
  0.0,   1.0,   0.0,   6.0,   6.0, 2345520., .3237,   0.0,   0.5
  0.0,   1.0,   0.0,   6.0,   6.0, 2344440., .4617,   0.0, .6667
  0.0,   1.0,   0.0,   6.0,   6.0, 2343300., .4775,   0.0,   0.5
  0.0,   1.0,   0.0,   6.0,   6.0, 2342880., .1568,   0.0, .6667
  0.0,   1.0,   0.0,   6.0,   6.0, 2341741., 0.686,   0.0, .3333
  0.0,   1.0,   0.0,   6.0,   6.0, 2340900., -.059,   0.0,   0.5
  0.0,   1.0,   0.0,   6.0,   6.0, 2340360., 0.393,   0.0,   0.5
  0.0,   1.0,   0.0,   6.0,   6.0, 2337840., .5981,   0.0, .1667
  0.0,   1.0,   0.0,   6.0,   6.0, 2301361., -.076,   0.0, .1667
  0.0,   1.0,   0.0,   6.0,   6.0, 2291040., .4705,   0.0,   0.0
  0.0,   1.0,   0.0,   6.0,   6.0, 2284320., .3352,   0.0,   0.5
  0.0,   1.0,   0.0,   6.0,   6.0, 2281081., .6857,   0.0, .3333
  0.0,   1.0,   0.0,   6.0,   6.0, 2278140., .3237,   0.0,   0.5
  0.0,   1.0,   0.0,   6.0,   6.0, 2277720., 0.191,   0.0, .3333
  0.0,   1.0,   0.0,   6.0,   6.0, 2277240., .4778,   0.0, .3333
  0.0,   1.0,   0.0,   6.0,   6.0, 2271780., .5136,   0.0,   0.5
  0.0,   1.0,   0.0,   6.0,   6.0, 2266200., .6562,   0.0, .1667
  0.0,   1.0,   0.0,   6.0,   6.0, 2262361., .6706,   0.0,   0.5
  0.0,   1.0,   0.0,   6.0,   6.0, 2255881., .4756,   0.0,   0.5
  0.0,   1.0,   0.0,   6.0,   6.0, 2254620., .5981,   0.0, .1667
  0.0,   1.0,   0.0,   6.0,   6.0, 2253180., .3247,   0.0, .3333
  0.0,   1.0,   0.0,   6.0,   6.0, 2252940., .6562,   0.0, .3333
  0.0,   1.0,   0.0,   6.0,   6.0, 2248920., .3352,   0.0,   0.5
  0.0,   1.0,   0.0,   6.0,   6.0, 2189041., .3237,   0.0, .6667
  0.0,   1.0,   0.0,   6.0,   6.0, 2178480., .2857,   0.0,   0.0
  0.0,   1.0,   0.0,   6.0,   6.0, 2178000., .4705,   0.0,   0.5
  0.0,   1.0,   0.0,   6.0,   6.0, 2177580., 0.171,   0.0,   0.5
  0.0,   1.0,   0.0,   6.0,   6.0, 2176560., 0.191,   0.0, .3333
  0.0,   1.0,   0.0,   6.0,   6.0, 2174760., .4617,   0.0,   0.5
  0.0,   1.0,   0.0,   6.0,   6.0, 2173800., .4775,   0.0,   0.5
  0.0,   1.0,   0.0,   6.0,   6.0, 2172660., .6551,   0.0, .3333
  0.0,   1.0,   0.0,   6.0,   6.0, 2170980., .6562,   0.0, .3333
  0.0,   1.0,   0.0,   6.0,   6.0, 2164980., .5646,   0.0, .3333
  0.0,   1.0,   0.0,   6.0,   6.0, 2164140., .4705,   0.0,   0.0
  0.0,   1.0,   0.0,   6.0,   6.0, 2162700., .5361,   0.0,   0.5
  0.0,   1.0,   0.0,   6.0,   6.0, 2162281., .5469,   0.0,   0.5
  0.0,   1.0,   0.0,   6.0,   6.0, 2143320., .4775,   0.0, .3333
  0.0,   1.0,   0.0,   6.0,   6.0, 2115360., .6515,   0.0, .3333
  0.0,   1.0,   0.0,   6.0,   6.0, 2112180., .4775,   0.0, .1667
  0.0,   1.0,   0.0,   6.0,   6.0, 2091181., 0.171,   0.0,   0.0
  0.0,   1.0,   0.0,   6.0,   6.0, 2084701., 0.171,   0.0,   0.5
  0.0,   1.0,   0.0,   6.0,   6.0, 2083200., -.067,   0.0, .3333
  0.0,   1.0,   0.0,   6.0,   6.0, 2082361., .1198,   0.0, .3333
  0.0,   1.0,   0.0,   6.0,   6.0, 2081700., .3237,   0.0, .3333
  0.0,   1.0,   0.0,   6.0,   6.0, 2080800., .4383,   0.0, .3333
  0.0,   1.0,   0.0,   6.0,   6.0, 2076481., .5765,   0.0, .3333
  0.0,   1.0,   0.0,   6.0,   6.0, 2055600., .6839,   0.0, .3333
  0.0,   1.0,   0.0,   6.0,   6.0, 2039460., .5568,   0.0, .3333
  0.0,   1.0,   0.0,   6.0,   6.0, 2034600., .6562,   0.0,   0.5
  0.0,   1.0,   0.0,   6.0,   6.0, 2023440., .1222,   0.0, .3333
  0.0,   1.0,   0.0,   6.0,   6.0, 2018161., .4756,   0.0,   0.5
  0.0,   1.0,   0.0,   6.0,   6.0, 2017860., .3237,   0.0,   0.5
  0.0,   1.0,   0.0,   6.0,   6.0, 2008620., .3799,   0.0, .1667
  0.0,   1.0,   0.0,   6.0,   6.0, 2007540., .4411,   0.0,   0.5
  0.0,   1.0,   0.0,   6.0,   6.0, 2005561., .3237,   0.0, .1667
  0.0,   1.0,   0.0,   6.0,   6.0, 1998600., -.483,   0.0, .3333
  0.0,   1.0,   0.0,   6.0,   6.0, 1998540., .3237,   0.0, .3333
  0.0,   1.0,   0.0,   6.0,   6.0, 1998300., .3237,   0.0, .3333
  0.0,   1.0,   0.0,   6.0,   6.0, 1996920., .6562,   0.0,   0.5
  0.0,   1.0,   0.0,   6.0,   6.0, 1994761., .6562,   0.0, .3333
  0.0,   1.0,   0.0,   6.0,   6.0, 1935661.,   0.0,   0.0,   0.0
  0.0,   1.0,   0.0,   6.0,   6.0, 1934880., .4907,   0.0,   0.0
  0.0,   1.0,   0.0,   6.0,   6.0, 1929901., .6515,   0.0,   0.5
  0.0,   1.0,   0.0,   6.0,   6.0, 1915321.,   0.0,   0.0,   0.0
  0.0,   1.0,   0.0,   6.0,   6.0, 1868521., -1.15,   0.0,   0.5
  0.0,   1.0,   0.0,   6.0,   6.0, 1861800.,  -0.5,   0.0, .3333
  0.0,   1.0,   0.0,   6.0,   6.0, 1837261., .5343,   0.0,   0.5
  0.0,   1.0,   0.0,   6.0,   6.0, 1829820., .4014,   0.0, .8333
  0.0,   1.0,   0.0,   6.0,   6.0, 1828501., .6515,   0.0,   0.5
  0.0,   1.0,   0.0,   6.0,   6.0, 1826280., 0.225,   0.0, .3333
  0.0,   1.0,   0.0,   6.0,   6.0, 1820520., .6838,   0.0, .1667
  0.0,   1.0,   0.0,   6.0,   6.0, 1820341., .6562,   0.0, .3333
  0.0,   1.0,   0.0,   6.0,   6.0, 1772340., .5415,   0.0, .1667
  0.0,   1.0,   0.0,   6.0,   6.0, 1751641.,   0.0,   0.0,   0.0
  0.0,   1.0,   0.0,   6.0,   6.0, 1743841., .5343,   0.0, .6667
  0.0,   1.0,   0.0,   6.0,   6.0, 1743480., .4383,   0.0,   0.5
  0.0,   1.0,   0.0,   6.0,   6.0, 1741021., -.417,   0.0, .8333
  0.0,   1.0,   0.0,   6.0,   6.0, 1734660., .6562,   0.0, .1667
  0.0,   1.0,   0.0,   6.0,   6.0, 1677541., .5136,   0.0, .3333
  0.0,   1.0,   0.0,   6.0,   6.0, 1668780., .6562,   0.0, .3333
  0.0,   1.0,   0.0,   6.0,   6.0, 1661641., 0.686,   0.0, .3333
  0.0,   1.0,   0.0,   6.0,   6.0, 1658400., .5568,   0.0, .1667
  0.0,   1.0,   0.0,   6.0,   6.0, 1658340., .5361,   0.0,   0.5
  0.0,   1.0,   0.0,   6.0,   6.0, 1654680., -.313,   0.0, .6667
  0.0,   1.0,   0.0,   6.0,   6.0, 1652160., .6857,   0.0,   0.5
  0.0,   1.0,   0.0,   6.0,   6.0, 1651860., .4383,   0.0, .3333
  0.0,   1.0,   0.0,   6.0,   6.0, 1651740., 0.686,   0.0, .1667
  0.0,   1.0,   0.0,   6.0,   6.0, 1650720., .0242,   0.0, .1667
  0.0,   1.0,   0.0,   6.0,   6.0, 1644181., .6515,   0.0,   0.5
  0.0,   1.0,   0.0,   6.0,   6.0, 1643760., .6562,   0.0, .3333
  0.0,   1.0,   0.0,   6.0,   6.0, 1622761., .5469,   0.0,   0.5
  0.0,   1.0,   0.0,   6.0,   6.0, 1589640., 0.225,   0.0,   0.5
  0.0,   1.0,   0.0,   6.0,   6.0, 1584660., .5022,   0.0,   0.5
  0.0,   1.0,   0.0,   6.0,   6.0, 1584600., .4775,   0.0, .3333
  0.0,   1.0,   0.0,   6.0,   6.0, 1584240., .6562,   0.0, .1667
  0.0,   1.0,   0.0,   6.0,   6.0, 1577640., .5361,   0.0, .3333
  0.0,   1.0,   0.0,   6.0,   6.0, 1571400., .6551,   0.0, .3333
  0.0,   1.0,   0.0,   6.0,   6.0, 1569360., .6562,   0.0, .3333
  0.0,   1.0,   0.0,   6.0,   6.0, 1567980., .4972,   0.0,   0.5
  0.0,   1.0,   0.0,   6.0,   6.0, 1567501., .6562,   0.0, .3333
  0.0,   1.0,   0.0,   6.0,   6.0, 1567080., .4215,   0.0,   0.5
  0.0,   1.0,   0.0,   6.0,   6.0, 1564800., .5288,   0.0, .6667
  0.0,   1.0,   0.0,   6.0,   6.0, 1563961., .6857,   0.0,   0.5
  0.0,   1.0,   0.0,   6.0,   6.0, 1562400., .4756,   0.0, .6667
  0.0,   1.0,   0.0,   6.0,   6.0, 1557421., .6551,   0.0, .3333
  0.0,   1.0,   0.0,   6.0,   6.0, 1514940., .4775,   0.0,   0.5
  0.0,   1.0,   0.0,   6.0,   6.0, 1498680., .4756,   0.0,   0.5
  0.0,   1.0,   0.0,   6.0,   6.0, 1496340., .5361,   0.0,   0.5
  0.0,   1.0,   0.0,   6.0,   6.0, 1494961., -.972,   0.0,   0.5
  0.0,   1.0,   0.0,   6.0,   6.0, 1493401., .4454,   0.0, .1667
  0.0,   1.0,   0.0,   6.0,   6.0, 1485661., .4705,   0.0, .3333
  0.0,   1.0,   0.0,   6.0,   6.0, 1400041.,   0.0,   0.0,   0.0
  0.0,   1.0,   0.0,   6.0,   6.0, 1397581., .3373,   0.0,   0.5
  0.0,   1.0,   0.0,   6.0,   6.0, 1393801., .5136,   0.0, .3333
  0.0,   1.0,   0.0,   6.0,   6.0, 1393140., 0.263,   0.0, .3333
  0.0,   1.0,   0.0,   6.0,   6.0, 1392721., .3373,   0.0, .3333
  0.0,   1.0,   0.0,   6.0,   6.0, 1392480., .4775,   0.0, .3333
  0.0,   1.0,   0.0,   6.0,   6.0, 1386540., 0.225,   0.0, .3333
  0.0,   1.0,   0.0,   6.0,   6.0, 1365181.,   0.0,   0.0,   0.0
  0.0,   1.0,   0.0,   6.0,   6.0, 1327860., .6706,   0.0,   0.5
  0.0,   1.0,   0.0,   6.0,   6.0, 1327320., .6551,   0.0, .3333
  0.0,   1.0,   0.0,   6.0,   6.0, 1323180., .3373,   0.0, .1667
  0.0,   1.0,   0.0,   6.0,   6.0, 1314540., -.695,   0.0, .6667
  0.0,   1.0,   0.0,   6.0,   6.0, 1312741., .6551,   0.0,   0.5
  0.0,   1.0,   0.0,   6.0,   6.0, 1312020., .5136,   0.0,   0.5
  0.0,   1.0,   0.0,   6.0,   6.0, 1307460., .6551,   0.0, .1667
  0.0,   1.0,   0.0,   6.0,   6.0, 1304461., -.422,   0.0, .1667
  0.0,   1.0,   0.0,   6.0,   6.0, 1303620., -.422,   0.0, .1667
  0.0,   1.0,   0.0,   6.0,   6.0, 1303560., -.422,   0.0, .1667
  0.0,   1.0,   0.0,   6.0,   6.0, 1301761., -.258,   0.0, .6667
  0.0,   1.0,   0.0,   6.0,   6.0, 1247341.,   0.0,   0.0,   0.0
  0.0,   1.0,   0.0,   6.0,   6.0, 1242060., .5136,   0.0, .3333
  0.0,   1.0,   0.0,   6.0,   6.0, 1238641., .4705,   0.0, .3333
  0.0,   1.0,   0.0,   6.0,   6.0, 1234680., .4775,   0.0,   0.5
  0.0,   1.0,   0.0,   6.0,   6.0, 1225860., .2392,   0.0, .3333
  0.0,   1.0,   0.0,   6.0,   6.0, 1225380., .6839,   0.0, .8333
  0.0,   1.0,   0.0,   6.0,   6.0, 1221661.,   0.0,   0.0,   0.0
  0.0,   1.0,   0.0,   6.0,   6.0, 1220760., .4705,   0.0, .6667
  0.0,   1.0,   0.0,   6.0,   6.0, 1219381., .6839,   0.0, .3333
  0.0,   1.0,   0.0,   6.0,   6.0, 1219081., .0586,   0.0, .3333
  0.0,   1.0,   0.0,   6.0,   6.0, 1216021., .6515,   0.0, .1667
  0.0,   1.0,   0.0,   6.0,   6.0, 1212781., -.297,   0.0, .8333
  0.0,   1.0,   0.0,   6.0,   6.0, 1192860., .6662,   0.0,   0.5
  0.0,   1.0,   0.0,   6.0,   6.0, 1188601., .5827,   0.0,   0.5
  0.0,   1.0,   0.0,   6.0,   6.0, 1170121., .0597,   0.0, .3333
  0.0,   1.0,   0.0,   6.0,   6.0, 1167900., .0594,   0.0,   0.0
  0.0,   1.0,   0.0,   6.0,   6.0, 1163821., .4775,   0.0, .1667
  0.0,   1.0,   0.0,   6.0,   6.0, 1159741., .6515,   0.0, .1667
  0.0,   1.0,   0.0,   6.0,   6.0, 1152000., .5499,   0.0, .1667
  0.0,   1.0,   0.0,   6.0,   6.0, 1137900., -.076,   0.0, .3333
  0.0,   1.0,   0.0,   6.0,   6.0, 1137660., .4705,   0.0,   0.5
  0.0,   1.0,   0.0,   6.0,   6.0, 1133581.,   0.0,   0.0,   0.0
  0.0,   1.0,   0.0,   6.0,   6.0, 1127461., .4775,   0.0, .1667
  0.0,   1.0,   0.0,   6.0,   6.0, 1102201., .4053,   0.0,   0.5
  0.0,   1.0,   0.0,   6.0,   6.0, 1058941., .6857,   0.0, .3333
  0.0,   1.0,   0.0,   6.0,   6.0, 1057620., .4014,   0.0, .3333
  0.0,   1.0,   0.0,   6.0,   6.0, 1056300., .4617,   0.0, .1667
  0.0,   1.0,   0.0,   6.0,   6.0, 1053121., .4053,   0.0, .3333
  0.0,   1.0,   0.0,   6.0,   6.0, 1052221.,   0.0,   0.0,   0.0
  0.0,   1.0,   0.0,   6.0,   6.0, 1048500., .1009,   0.0, .6667
  0.0,   1.0,   0.0,   6.0,   6.0, 1047541., .4775,   0.0, .3333
  0.0,   1.0,   0.0,   6.0,   6.0, 1041360., .6857,   0.0,   0.5
  0.0,   1.0,   0.0,   6.0,   6.0, 1040100., .5646,   0.0, .1667
  0.0,   1.0,   0.0,   6.0,   6.0, 1001700.,  -0.0,   0.0, .8333
  0.0,   1.0,   0.0,   6.0,   6.0, 989641.,   0.0,   0.0,   0.0
  0.0,   1.0,   0.0,   6.0,   6.0, 978780., .1508,   0.0, .6667
  0.0,   1.0,   0.0,   6.0,   6.0, 969120., .6706,   0.0, .1667
  0.0,   1.0,   0.0,   6.0,   6.0, 967801., 0.225,   0.0,   0.0
  0.0,   1.0,   0.0,   6.0,   6.0, 966300., .2315,   0.0, .1667
  0.0,   1.0,   0.0,   6.0,   6.0, 960901.,   0.0,   0.0,   0.0
  0.0,   1.0,   0.0,   6.0,   6.0, 917701., .4775,   0.0, .3333
  0.0,   1.0,   0.0,   6.0,   6.0, 910080., .6706,   0.0, .3333
  0.0,   1.0,   0.0,   6.0,   6.0, 900661., .5136,   0.0, .1667
  0.0,   1.0,   0.0,   6.0,   6.0, 899460., .0242,   0.0, .3333
  0.0,   1.0,   0.0,   6.0,   6.0, 892380., .6839,   0.0, .1667
  0.0,   1.0,   0.0,   6.0,   6.0, 885480., .5136,   0.0, .3333
  0.0,   1.0,   0.0,   6.0,   6.0, 884940., .5136,   0.0,   0.5
  0.0,   1.0,   0.0,   6.0,   6.0, 883200., .6857,   0.0, .1667
  0.0,   1.0,   0.0,   6.0,   6.0, 879420., .0242,   0.0,   0.0
  0.0,   1.0,   0.0,   6.0,   6.0, 877621.,   0.0,   0.0,   0.0
  0.0,   1.0,   0.0,   6.0,   6.0, 876000., .5646,   0.0,   0.5
  0.0,   1.0,   0.0,   6.0,   6.0, 874681., .0242,   0.0, .1667
  0.0,   1.0,   0.0,   6.0,   6.0, 874080., -.059,   0.0,   0.5
  0.0,   1.0,   0.0,   6.0,   6.0, 873780., .5022,   0.0,   0.5
  0.0,   1.0,   0.0,   6.0,   6.0, 867481.,   0.0,   0.0,   0.0
  0.0,   1.0,   0.0,   6.0,   6.0, 822121., .6857,   0.0, .3333
  0.0,   1.0,   0.0,   6.0,   6.0, 818761., -1.03,   0.0, .8333
  0.0,   1.0,   0.0,   6.0,   6.0, 785761., 0.225,   0.0, .6667
  0.0,   1.0,   0.0,   6.0,   6.0, 742980., .4775,   0.0, .3333
  0.0,   1.0,   0.0,   6.0,   6.0, 724561., -.943,   0.0, .1667
  0.0,   1.0,   0.0,   6.0,   6.0, 716400., 0.225,   0.0, .1667
  0.0,   1.0,   0.0,   6.0,   6.0, 710040., 0.294,   0.0, .3333
  0.0,   1.0,   0.0,   6.0,   6.0, 707640., 0.191,   0.0,   0.5
  0.0,   1.0,   0.0,   6.0,   6.0, 703380., 0.225,   0.0, .1667
  0.0,   1.0,   0.0,   6.0,   6.0, 699900., .6857,   0.0, .3333
  0.0,   1.0,   0.0,   6.0,   6.0, 694441.,   0.0,   0.0,   0.0
  0.0,   1.0,   0.0,   6.0,   6.0, 694381., 0.263,   0.0, .1667
  0.0,   1.0,   0.0,   6.0,   6.0, 659340., .5304,   0.0,   0.5
  0.0,   1.0,   0.0,   6.0,   6.0, 652140., .6675,   0.0,   0.5
  0.0,   1.0,   0.0,   6.0,   6.0, 651241.,   0.0,   0.0,   0.0
  0.0,   1.0,   0.0,   6.0,   6.0, 646320., .4775,   0.0,   0.0
  0.0,   1.0,   0.0,   6.0,   6.0, 641041.,   0.0,   0.0,   0.0
  0.0,   1.0,   0.0,   6.0,   6.0, 630601.,   0.0,   0.0,   0.0
  0.0,   1.0,   0.0,   6.0,   6.0, 625620., .6515,   0.0,   0.5
  0.0,   1.0,   0.0,   6.0,   6.0, 616741.,   0.0,   0.0,   0.0
  0.0,   1.0,   0.0,   6.0,   6.0, 616381., .5646,   0.0, .1667
  0.0,   1.0,   0.0,   6.0,   6.0, 615121., -.258,   0.0, .8333
  0.0,   1.0,   0.0,   6.0,   6.0, 614161., .2648,   0.0,   0.5
  0.0,   1.0,   0.0,   6.0,   6.0, 568681., .0594,   0.0,   0.0
  0.0,   1.0,   0.0,   6.0,   6.0, 566701., .4907,   0.0,   0.5
  0.0,   1.0,   0.0,   6.0,   6.0, 565201.,   0.0,   0.0,   0.0
  0.0,   1.0,   0.0,   6.0,   6.0, 525241.,   0.0,   0.0,   0.0
  0.0,   1.0,   0.0,   6.0,   6.0, 521581., .5541,   0.0, .1667
  0.0,   1.0,   0.0,   6.0,   6.0, 484621.,   0.0,   0.0,   0.0
  0.0,   1.0,   0.0,   6.0,   6.0, 481681., .5646,   0.0, .3333
  0.0,   1.0,   0.0,   6.0,   6.0, 472021.,   0.0,   0.0,   0.0
  0.0,   1.0,   0.0,   6.0,   6.0, 464761., -.258,   0.0,   0.5
  0.0,   1.0,   0.0,   6.0,   6.0, 457621.,   0.0,   0.0,   0.0
  0.0,   1.0,   0.0,   6.0,   6.0, 446881.,   0.0,   0.0,   0.0
  0.0,   1.0,   0.0,   6.0,   6.0, 435301.,   0.0,   0.0,   0.0
  0.0,   1.0,   0.0,   6.0,   6.0, 380400., .2648,   0.0, .6667
  0.0,   1.0,   0.0,   6.0,   6.0, 376921., .4053,   0.0,   0.0
  0.0,   1.0,   0.0,   6.0,   6.0, 289021.,   0.0,   0.0,   0.0
  0.0,   1.0,   0.0,   6.0,   6.0, 283860., .4775,   0.0,   0.5
  0.0,   1.0,   0.0,   6.0,   6.0, 277861.,   0.0,   0.0,   0.0
  0.0,   1.0,   0.0,   6.0,   6.0, 276961.,   0.0,   0.0,   0.0
  0.0,   1.0,   0.0,   6.0,   6.0, 275461.,   0.0,   0.0,   0.0
  0.0,   1.0,   0.0,   6.0,   6.0, 273600., .6675,   0.0, .6667
  0.0,   1.0,   0.0,   6.0,   6.0, 272641.,   0.0,   0.0,   0.0
  0.0,   1.0,   0.0,   6.0,   6.0, 270121., .6423,   0.0, .3333
  0.0,   1.0,   0.0,   6.0,   6.0, 265261., .5226,   0.0, .1667
  0.0,   1.0,   0.0,   6.0,   6.0, 264001., -.834,   0.0,   0.5
  0.0,   1.0,   0.0,   6.0,   6.0, 262081., .4775,   0.0,   0.0
  0.0,   1.0,   0.0,   6.0,   6.0, 204721., -.887,   0.0, .6667
  0.0,   1.0,   0.0,   6.0,   6.0, 202681., -.834,   0.0,   0.5
  0.0,   1.0,   0.0,   6.0,   6.0, 201601., .2648,   0.0, .1667
  0.0,   1.0,   0.0,   6.0,   6.0, 198541., .2648,   0.0, .3333
  0.0,   1.0,   0.0,   6.0,   6.0, 198421., .6857,   0.0, .6667
  0.0,   1.0,   0.0,   6.0,   6.0, 193321., .6423,   0.0, .3333
  0.0,   1.0,   0.0,   6.0,   6.0, 187920., -.241,   0.0, .1667
  0.0,   1.0,   0.0,   6.0,   6.0, 186961.,   0.0,   0.0,   0.0
  0.0,   1.0,   0.0,   6.0,   6.0, 184741.,   0.0,   0.0,   0.0
  0.0,   1.0,   0.0,   6.0,   6.0, 181741., .4775,   0.0,   0.5
  0.0,   1.0,   0.0,   6.0,   6.0, 130081.,   0.0,   0.0,   0.0
  0.0,   1.0,   0.0,   6.0,   6.0, 123961., .4775,   0.0, .3333
  0.0,   1.0,   0.0,   6.0,   6.0, 122520., -.215,   0.0,   0.5
  0.0,   1.0,   0.0,   6.0,   6.0, 99781.,   0.0,   0.0,   0.0
  0.0,   1.0,   0.0,   6.0,   6.0, 93481.,   0.0,   0.0,   0.0
  0.0,   1.0,   0.0,   6.0,   6.0, 91741., .0594,   0.0, .1667
  0.0,   1.0,   0.0,   6.0,   6.0, 90241.,   0.0,   0.0,   0.0
  0.0,   1.0,   0.0,   6.0,   6.0, 46741., .0594,   0.0,   0.5
  0.0,   1.0,   0.0,   6.0,   6.0, 43860., .4775,   0.0, .3333
  0.0,   1.0,   0.0,   6.0,   6.0, 39001., -.215,   0.0,   0.5
  0.0,   1.0,   0.0,   6.0,   6.0, 35940., .4775,   0.0, .1667
  0.0,   1.0,   0.0,   6.0,   6.0, 23821., .4775,   0.0, .1667
  0.0,   1.0,   0.0,   6.0,   6.0, 19500., .0594,   0.0,   0.5
  0.0,   1.0,   0.0,   6.0,   6.0, 13200., .4775,   0.0,   0.5
  0.0,   1.0,   0.0,   6.0,   6.0, 10681., .0594,   0.0, .1667
  0.0,   1.0,   0.0,   6.0,   6.0, 2461.,   0.0,   0.0,   0.0
